Age	d18O	d18Omax	d18Omin
7	3.374	3.404	3.344
8	3.350	3.374	3.327
9	3.366	3.402	3.330
10	3.413	3.457	3.368
11	3.479	3.566	3.392
12	3.659	3.828	3.490
13	4.034	4.290	3.778
14	4.223	4.413	4.032
15	4.388	4.537	4.238
16	4.739	4.895	4.583
17	4.974	5.074	4.873
18	4.987	5.130	4.844
19	4.986	5.141	4.831
20	4.862	5.172	4.552
21	4.683	5.103	4.263
22	4.750	5.145	4.355
23	4.929	5.074	4.784
24	4.962	5.011	4.912
25	4.937	5.000	4.874
26	4.944	5.008	4.881
27	4.940	5.010	4.871
28	4.870	4.956	4.785
29	4.797	4.878	4.715
30	4.803	4.917	4.689
31	4.750	4.929	4.571
32	4.660	4.831	4.489
33	4.672	4.772	4.573
34	4.720	4.763	4.678
35	4.724	4.768	4.679
36	4.674	4.770	4.578
37	4.571	4.687	4.456
38	4.609	4.703	4.514
39	4.676	4.739	4.613
40	4.682	4.764	4.601
41	4.650	4.749	4.551
42	4.661	4.727	4.594
43	4.664	4.724	4.604
44	4.620	4.697	4.543
45	4.570	4.641	4.499
46	4.565	4.619	4.511
47	4.521	4.596	4.446
48	4.540	4.610	4.470
49	4.573	4.627	4.519
50	4.559	4.597	4.521
51	4.528	4.615	4.441
52	4.562	4.698	4.426
53	4.580	4.687	4.474
54	4.540	4.615	4.465
55	4.511	4.602	4.420
56	4.493	4.578	4.407
57	4.501	4.541	4.461
58	4.505	4.513	4.496
59	4.621	4.656	4.587
60	4.716	4.750	4.682
61	4.674	4.745	4.602
62	4.582	4.661	4.503
63	4.568	4.633	4.502
64	4.607	4.668	4.545
65	4.655	4.722	4.588
66	4.710	4.765	4.654
67	4.728	4.771	4.685
68	4.434	4.503	4.365
69	4.360	0.000	0.000
70	4.347	4.382	4.311
71	4.244	4.286	4.201
72	4.220	0.000	0.000
73	4.186	4.224	4.148
74	4.084	4.165	4.003
75	4.034	4.184	3.884
76	4.000	4.067	3.934
77	4.071	4.103	4.039
78	4.085	4.113	4.057
79	4.006	4.057	3.955
80	3.925	3.949	3.900
81	3.912	3.930	3.893
82	3.868	3.909	3.827
83	3.719	3.778	3.659
84	3.702	3.789	3.615
85	3.837	3.980	3.694
86	4.110	4.193	4.026
87	4.161	4.209	4.113
88	4.176	4.192	4.160
89	4.130	4.145	4.114
90	4.119	4.130	4.107
91	4.096	4.126	4.066
92	4.062	4.115	4.008
93	4.109	4.219	3.999
94	4.158	4.223	4.094
95	3.999	4.111	3.887
96	3.790	0.000	0.000
97	3.798	3.816	3.781
98	3.823	3.893	3.753
99	3.771	3.936	3.605
100	3.665	3.877	3.454
101	3.561	3.655	3.467
102	3.951	4.024	3.878
103	4.029	4.070	3.989
104	4.021	4.068	3.973
105	4.018	4.056	3.979
106	4.018	4.056	3.981
107	4.039	4.074	4.003
108	4.012	4.096	3.927
109	3.898	4.055	3.741
110	3.823	3.925	3.720
111	4.065	4.238	3.892
112	4.094	4.406	3.783
113	4.041	4.215	3.867
114	3.962	4.016	3.908
115	3.943	3.954	3.931
116	3.935	3.963	3.908
117	3.819	3.894	3.743
118	3.642	3.700	3.583
119	3.588	3.688	3.488
120	3.483	3.563	3.403
121	3.435	3.519	3.351
122	3.470	3.594	3.346
123	3.391	3.521	3.261
124	3.291	3.375	3.208
125	3.224	3.257	3.191
126	3.223	3.253	3.193
127	3.308	3.349	3.266
128	3.387	3.514	3.259
129	3.669	3.887	3.450
130	3.950	4.143	3.757
131	4.090	4.238	3.942
132	4.331	4.540	4.121
133	4.629	4.783	4.474
134	4.777	4.860	4.695
135	4.854	4.918	4.789
136	4.874	4.942	4.805
137	4.904	4.979	4.830
138	4.932	5.004	4.860
139	4.907	4.963	4.850
140	4.870	4.917	4.823
141	4.849	4.902	4.796
142	4.843	4.902	4.783
143	4.784	4.853	4.715
144	4.719	4.788	4.651
145	4.673	4.734	4.613
146	4.693	4.740	4.645
147	4.712	4.792	4.632
148	4.675	4.777	4.572
149	4.651	4.687	4.616
150	4.629	4.654	4.605
151	4.605	4.649	4.562
152	4.593	4.635	4.551
153	4.585	4.622	4.548
154	4.596	4.653	4.538
155	4.640	4.724	4.556
156	4.710	4.787	4.632
157	4.762	4.825	4.699
158	4.731	4.809	4.653
159	4.723	4.805	4.641
160	4.731	4.788	4.675
161	4.693	4.733	4.652
162	4.632	4.672	4.592
163	4.588	4.614	4.562
164	4.575	4.599	4.550
165	4.557	4.590	4.525
166	4.541	4.576	4.506
167	4.522	4.581	4.462
168	4.523	4.614	4.432
169	4.545	4.629	4.461
170	4.529	4.591	4.466
171	4.532	4.582	4.481
172	4.553	4.612	4.495
173	4.412	4.497	4.328
174	4.355	4.407	4.304
175	4.347	4.381	4.313
176	4.331	4.360	4.301
177	4.335	4.370	4.300
178	4.406	4.448	4.365
179	4.423	4.472	4.375
180	4.420	4.469	4.371
181	4.465	4.500	4.430
182	4.453	4.518	4.387
183	4.415	4.487	4.342
184	4.478	4.588	4.368
185	4.595	4.707	4.483
186	4.598	4.685	4.510
187	4.568	4.606	4.531
188	4.588	4.640	4.536
189	4.547	4.636	4.458
190	4.504	4.579	4.428
191	4.506	4.552	4.460
192	4.511	4.560	4.462
193	4.500	4.561	4.439
194	4.413	4.504	4.322
195	4.248	4.334	4.162
196	4.216	4.316	4.116
197	4.268	4.444	4.093
198	4.214	4.385	4.043
199	4.042	4.170	3.914
200	3.879	3.974	3.784
201	3.854	3.915	3.792
202	3.821	3.857	3.785
203	3.824	3.875	3.772
204	3.811	3.907	3.715
205	3.630	3.726	3.534
206	3.565	3.600	3.530
207	3.617	3.681	3.553
208	3.721	3.927	3.515
209	3.926	4.223	3.630
210	3.937	4.180	3.694
211	3.867	4.012	3.721
212	3.873	3.962	3.784
213	3.799	3.860	3.739
214	3.744	3.793	3.695
215	3.697	3.764	3.630
216	3.706	3.791	3.621
217	3.809	3.922	3.696
218	3.845	3.992	3.699
219	3.956	4.086	3.825
220	4.235	4.364	4.106
221	4.392	4.484	4.299
222	4.485	4.546	4.424
223	4.542	4.577	4.507
224	4.524	4.566	4.483
225	4.533	4.592	4.474
226	4.512	4.606	4.418
227	4.481	4.584	4.377
228	4.542	4.706	4.378
229	4.581	4.770	4.393
230	4.479	4.625	4.332
231	4.307	4.453	4.162
232	4.168	4.309	4.027
233	4.077	4.204	3.950
234	4.061	4.174	3.947
235	4.005	4.104	3.906
236	3.815	3.881	3.749
237	3.768	3.825	3.711
238	3.726	3.811	3.642
239	3.635	3.701	3.568
240	3.579	3.625	3.533
241	3.598	3.730	3.465
242	3.722	3.909	3.535
243	3.796	3.956	3.635
244	3.671	3.788	3.554
245	3.814	4.013	3.614
246	4.557	4.711	4.403
247	4.625	4.642	4.609
248	4.649	4.688	4.609
249	4.696	4.755	4.636
250	4.734	4.789	4.679
251	4.735	4.797	4.673
252	4.685	4.770	4.600
253	4.616	4.726	4.505
254	4.467	4.643	4.291
255	4.281	4.526	4.036
256	4.349	4.584	4.114
257	4.527	4.695	4.359
258	4.600	4.668	4.532
259	4.651	4.744	4.558
260	4.641	4.776	4.506
261	4.627	4.793	4.461
262	4.673	4.832	4.515
263	4.767	4.877	4.657
264	4.835	4.900	4.771
265	4.803	4.941	4.666
266	4.569	4.755	4.383
267	4.435	4.590	4.279
268	4.451	4.678	4.224
269	4.467	4.725	4.209
270	4.560	4.734	4.386
271	4.415	4.674	4.157
272	4.303	4.482	4.123
273	4.344	4.494	4.194
274	4.395	4.434	4.356
275	4.314	0.000	0.000
276	4.234	4.252	4.215
277	4.242	4.275	4.209
278	4.253	4.298	4.207
279	4.256	4.326	4.186
280	4.161	4.308	4.014
281	3.994	4.180	3.809
282	4.032	4.183	3.880
283	4.108	4.194	4.022
284	4.141	4.211	4.071
285	4.111	4.177	4.045
286	4.033	4.096	3.970
287	3.966	4.022	3.910
288	3.979	4.053	3.905
289	4.098	4.163	4.033
290	4.149	4.219	4.079
291	4.173	4.224	4.122
292	4.203	4.253	4.152
293	4.257	4.315	4.199
294	4.375	4.484	4.267
295	4.437	4.513	4.361
296	4.291	4.402	4.181
297	4.260	4.360	4.160
298	4.356	4.426	4.287
299	4.377	4.422	4.332
300	4.384	4.479	4.289
301	4.391	4.557	4.225
302	4.290	4.464	4.116
303	4.157	4.240	4.075
304	4.216	4.286	4.145
305	4.257	4.338	4.176
306	4.169	4.279	4.059
307	4.147	4.252	4.043
308	4.273	4.407	4.140
309	4.238	4.406	4.070
310	4.059	4.187	3.931
311	3.963	4.033	3.892
312	3.896	3.968	3.824
313	3.824	3.912	3.735
314	3.785	3.844	3.725
315	3.801	3.888	3.714
316	3.815	3.952	3.678
317	3.855	4.010	3.701
318	3.954	4.067	3.842
319	3.978	4.062	3.893
320	3.892	3.928	3.856
321	3.791	4.026	3.556
322	3.240	3.525	2.956
323	3.095	3.179	3.011
324	3.325	3.531	3.119
325	3.555	3.640	3.471
326	3.534	3.598	3.470
327	3.410	3.463	3.357
328	3.386	3.402	3.370
329	3.343	3.372	3.315
330	3.325	3.348	3.302
331	3.403	3.504	3.303
332	3.555	3.613	3.498
333	3.567	3.576	3.558
334	3.546	3.557	3.535
335	3.575	3.769	3.380
336	4.105	4.581	3.629
337	4.644	4.785	4.503
338	4.636	4.860	4.413
339	4.464	4.899	4.028
340	4.311	4.707	3.915
341	4.529	4.733	4.325
342	4.749	4.811	4.688
343	4.744	4.775	4.712
344	4.747	4.778	4.716
345	4.711	4.760	4.662
346	4.647	4.670	4.624
347	4.635	4.640	4.631
348	4.636	4.655	4.617
349	4.683	4.733	4.633
350	4.667	4.768	4.565
351	4.486	4.645	4.326
352	4.401	4.471	4.330
353	4.381	4.530	4.232
354	4.443	4.640	4.245
355	4.597	4.769	4.425
356	4.715	4.759	4.671
357	4.712	4.727	4.698
358	4.708	4.725	4.690
359	4.754	4.797	4.710
360	4.760	4.833	4.687
361	4.566	4.751	4.382
362	4.423	4.475	4.371
363	4.400	4.409	4.391
364	4.385	4.406	4.363
365	4.317	4.380	4.254
366	4.193	4.271	4.115
367	4.115	4.218	4.012
368	4.121	4.208	4.034
369	4.155	4.266	4.044
370	4.221	4.319	4.123
371	4.300	4.364	4.236
372	4.326	4.371	4.281
373	4.339	4.378	4.300
374	4.347	4.359	4.336
375	4.334	4.348	4.319
376	4.315	4.334	4.297
377	4.266	4.315	4.217
378	4.232	4.260	4.205
379	4.295	4.364	4.227
380	4.340	4.387	4.293
381	4.227	4.350	4.104
382	4.113	4.160	4.066
383	4.031	4.105	3.957
384	3.965	3.989	3.941
385	3.988	4.067	3.908
386	4.059	4.180	3.938
387	4.120	4.289	3.952
388	4.214	4.439	3.988
389	4.281	4.523	4.040
390	4.168	4.297	4.040
391	4.221	4.317	4.125
392	4.249	4.320	4.178
393	4.170	4.235	4.105
394	4.121	4.176	4.066
395	4.175	4.258	4.092
396	4.127	4.207	4.047
397	3.987	4.118	3.857
398	3.708	3.813	3.602
399	3.546	3.660	3.432
400	3.468	3.600	3.335
401	3.491	3.595	3.386
402	3.443	3.522	3.365
403	3.323	3.401	3.245
404	3.305	3.366	3.244
405	3.364	3.418	3.309
406	3.380	3.408	3.352
407	3.230	3.268	3.192
408	3.210	0.000	0.000
409	3.209	3.213	3.205
410	3.188	3.195	3.180
411	3.183	3.201	3.165
412	3.215	3.274	3.156
413	3.298	3.333	3.262
414	3.334	3.369	3.299
415	3.393	3.463	3.324
416	3.454	3.520	3.389
417	3.359	3.444	3.275
418	3.285	3.335	3.235
419	3.390	3.476	3.304
420	3.544	3.662	3.426
421	3.749	3.916	3.582
422	3.932	4.032	3.832
423	3.982	4.047	3.917
424	3.902	3.959	3.845
425	3.880	0.000	0.000
426	4.392	4.630	4.154
427	4.750	0.000	0.000
428	4.750	0.000	0.000
429	4.763	4.774	4.753
430	4.789	4.794	4.785
431	4.837	4.976	4.699
432	5.090	5.241	4.939
433	5.253	5.337	5.169
434	5.266	5.378	5.153
435	5.207	5.297	5.118
436	5.165	5.228	5.102
437	5.147	5.207	5.088
438	5.158	5.232	5.084
439	5.090	5.185	4.996
440	5.016	5.111	4.920
441	5.004	5.102	4.907
442	5.010	5.071	4.949
443	4.987	5.038	4.937
444	4.924	5.004	4.844
445	4.913	4.994	4.833
446	4.961	5.017	4.905
447	4.959	4.999	4.919
448	4.925	4.980	4.870
449	4.863	4.927	4.798
450	4.814	4.858	4.770
451	4.789	4.846	4.732
452	4.746	4.802	4.691
453	4.705	4.740	4.671
454	4.672	4.701	4.644
455	4.613	4.654	4.573
456	4.571	4.605	4.538
457	4.574	4.612	4.537
458	4.615	4.651	4.578
459	4.655	4.715	4.596
460	4.719	4.791	4.648
461	4.751	4.811	4.692
462	4.647	4.737	4.557
463	4.547	4.634	4.459
464	4.543	4.650	4.437
465	4.550	4.651	4.449
466	4.625	4.710	4.540
467	4.695	4.738	4.651
468	4.643	4.706	4.579
469	4.604	4.655	4.553
470	4.597	4.645	4.548
471	4.522	4.612	4.431
472	4.433	4.505	4.362
473	4.430	4.486	4.375
474	4.485	4.541	4.429
475	4.548	4.606	4.491
476	4.545	4.604	4.486
477	4.457	4.521	4.394
478	4.381	4.415	4.347
479	4.353	4.401	4.305
480	4.273	4.382	4.164
481	4.140	4.241	4.039
482	4.113	4.179	4.047
483	4.150	4.227	4.074
484	4.147	4.226	4.067
485	4.014	4.097	3.930
486	3.933	3.980	3.886
487	3.930	3.966	3.894
488	3.909	3.973	3.846
489	3.862	3.996	3.728
490	3.843	4.001	3.684
491	3.820	3.917	3.723
492	3.783	3.880	3.686
493	3.756	3.847	3.665
494	3.735	3.847	3.624
495	3.783	3.945	3.621
496	3.877	4.146	3.607
497	3.789	4.071	3.507
498	3.704	3.955	3.453
499	3.801	3.981	3.622
500	3.838	3.936	3.739
501	3.845	3.909	3.781
502	3.905	3.997	3.814
503	3.992	4.070	3.914
504	3.986	4.046	3.926
505	3.927	4.026	3.827
506	3.946	4.097	3.795
507	4.075	4.220	3.930
508	4.154	4.253	4.056
509	4.240	4.300	4.180
510	4.284	4.324	4.244
511	4.282	4.318	4.246
512	4.301	4.331	4.272
513	4.302	4.321	4.284
514	4.275	4.297	4.253
515	4.238	4.299	4.177
516	4.165	4.269	4.060
517	4.116	4.191	4.042
518	4.148	4.186	4.111
519	4.148	4.184	4.111
520	4.066	4.142	3.989
521	3.981	4.067	3.895
522	3.987	4.063	3.911
523	4.062	4.112	4.013
524	4.129	4.156	4.101
525	4.154	4.177	4.131
526	4.169	4.201	4.137
527	4.178	4.216	4.141
528	4.216	4.245	4.188
529	4.234	4.259	4.209
530	4.244	4.273	4.216
531	4.264	4.282	4.246
532	4.281	4.302	4.260
533	4.340	4.392	4.288
534	4.446	4.512	4.380
535	4.518	4.577	4.460
536	4.570	4.617	4.523
537	4.608	4.643	4.574
538	4.582	4.662	4.502
539	4.571	4.679	4.462
540	4.654	4.760	4.547
541	4.654	4.720	4.589
542	4.671	4.703	4.638
543	4.677	4.707	4.647
544	4.627	4.673	4.581
545	4.588	4.667	4.510
546	4.570	4.665	4.475
547	4.596	4.664	4.528
548	4.610	4.655	4.566
549	4.631	4.691	4.570
550	4.641	4.699	4.582
551	4.576	4.624	4.529
552	4.557	4.580	4.534
553	4.581	4.598	4.563
554	4.595	4.613	4.577
555	4.555	4.597	4.512
556	4.477	4.530	4.424
557	4.430	4.474	4.386
558	4.407	4.440	4.373
559	4.407	4.445	4.369
560	4.353	4.421	4.285
561	4.271	4.307	4.235
562	4.266	4.297	4.235
563	4.295	4.337	4.253
564	4.318	4.350	4.286
565	4.333	4.346	4.320
566	4.140	0.000	0.000
567	3.947	3.987	3.908
568	3.987	4.039	3.935
569	4.027	4.059	3.996
570	4.009	4.046	3.973
571	3.936	3.981	3.891
572	3.845	3.896	3.793
573	3.776	3.832	3.720
574	3.742	3.788	3.697
575	3.732	3.787	3.676
576	3.677	3.741	3.613
577	3.625	3.668	3.582
578	3.684	3.764	3.603
579	3.856	3.971	3.740
580	3.964	4.024	3.905
581	3.975	4.062	3.888
582	4.094	4.252	3.936
583	4.332	4.446	4.218
584	4.390	4.424	4.356
585	4.375	4.403	4.347
586	4.360	4.392	4.327
587	4.375	4.422	4.329
588	4.387	4.453	4.321
589	4.302	4.395	4.209
590	4.136	4.240	4.033
591	4.008	4.100	3.915
592	4.038	4.123	3.952
593	4.117	4.170	4.064
594	4.142	4.190	4.095
595	4.127	4.199	4.055
596	4.103	4.190	4.016
597	4.144	4.226	4.062
598	4.126	4.185	4.067
599	4.133	4.209	4.058
600	4.201	4.288	4.114
601	4.131	4.227	4.036
602	4.077	4.148	4.007
603	4.115	4.163	4.068
604	4.078	4.185	3.972
605	3.989	4.174	3.805
606	4.005	4.163	3.846
607	4.041	4.121	3.961
608	3.973	4.040	3.906
609	3.953	4.030	3.875
610	3.837	3.921	3.752
611	3.745	3.780	3.710
612	3.728	3.753	3.702
613	3.736	3.766	3.705
614	3.785	3.830	3.741
615	3.843	3.900	3.786
616	3.749	3.863	3.636
617	3.688	3.841	3.534
618	3.934	4.169	3.699
619	4.198	4.296	4.100
620	4.171	4.282	4.060
621	4.206	4.376	4.037
622	4.454	4.622	4.285
623	4.684	4.832	4.537
624	4.694	4.893	4.494
625	4.704	4.911	4.497
626	4.803	4.921	4.686
627	4.877	4.958	4.796
628	4.899	5.072	4.725
629	4.899	5.082	4.716
630	4.991	5.115	4.866
631	4.919	5.023	4.815
632	4.836	4.937	4.735
633	4.857	4.922	4.791
634	4.886	4.950	4.822
635	4.923	5.046	4.800
636	5.015	5.124	4.906
637	4.951	5.069	4.834
638	4.884	5.023	4.744
639	4.907	5.010	4.804
640	4.826	4.943	4.709
641	4.845	4.989	4.701
642	4.902	4.990	4.815
643	4.864	4.961	4.767
644	4.785	4.887	4.683
645	4.787	4.872	4.702
646	4.811	4.884	4.737
647	4.820	4.886	4.753
648	4.804	4.892	4.716
649	4.695	4.812	4.578
650	4.688	4.771	4.606
651	4.778	4.840	4.715
652	4.842	4.909	4.776
653	4.872	4.940	4.804
654	4.757	4.887	4.627
655	4.648	4.805	4.490
656	4.688	4.791	4.586
657	4.703	4.807	4.599
658	4.665	4.797	4.534
659	4.693	4.803	4.583
660	4.599	4.712	4.487
661	4.542	4.640	4.443
662	4.567	4.636	4.499
663	4.580	4.652	4.509
664	4.614	4.692	4.536
665	4.594	4.651	4.537
666	4.573	4.636	4.510
667	4.562	4.619	4.504
668	4.523	4.587	4.460
669	4.438	4.530	4.346
670	4.377	4.473	4.281
671	4.378	4.475	4.281
672	4.526	4.659	4.392
673	4.656	4.784	4.528
674	4.572	4.734	4.411
675	4.398	4.564	4.232
676	4.375	4.472	4.278
677	4.408	4.463	4.352
678	4.398	4.463	4.333
679	4.354	4.415	4.293
680	4.306	4.391	4.221
681	4.240	4.323	4.157
682	4.227	4.281	4.173
683	4.193	4.278	4.109
684	4.121	4.191	4.051
685	4.111	4.172	4.049
686	4.088	4.205	3.971
687	4.065	4.203	3.927
688	4.063	4.147	3.979
689	4.029	4.131	3.927
690	4.072	4.186	3.958
691	4.117	4.226	4.008
692	3.985	4.119	3.852
693	3.902	4.008	3.797
694	3.856	3.961	3.752
695	3.720	3.865	3.575
696	3.652	3.724	3.581
697	3.653	3.706	3.600
698	3.624	3.694	3.554
699	3.623	3.674	3.573
700	3.640	3.702	3.578
701	3.655	3.773	3.537
702	3.693	3.791	3.594
703	3.788	3.890	3.686
704	3.835	3.938	3.733
705	3.874	3.963	3.785
706	3.999	4.102	3.895
707	4.042	4.168	3.916
708	4.062	4.155	3.968
709	4.118	4.219	4.018
710	4.196	4.351	4.040
711	4.378	4.495	4.260
712	4.532	4.603	4.461
713	4.623	4.686	4.559
714	4.746	4.803	4.688
715	4.819	4.845	4.793
716	4.826	4.840	4.811
717	4.831	4.858	4.805
718	4.864	4.914	4.813
719	4.915	4.979	4.852
720	4.921	4.984	4.857
721	4.847	4.918	4.776
722	4.852	4.926	4.779
723	4.911	4.997	4.825
724	4.828	4.951	4.705
725	4.788	4.897	4.678
726	4.680	4.802	4.557
727	4.454	4.586	4.322
728	4.350	4.417	4.282
729	4.318	4.351	4.285
730	4.287	4.334	4.240
731	4.325	4.403	4.247
732	4.363	4.434	4.291
733	4.247	4.348	4.147
734	4.185	4.273	4.098
735	4.262	4.345	4.178
736	4.250	4.341	4.159
737	4.214	4.316	4.111
738	4.281	4.360	4.202
739	4.345	4.429	4.260
740	4.349	4.465	4.233
741	4.392	4.470	4.314
742	4.494	4.561	4.427
743	4.583	4.648	4.519
744	4.671	4.725	4.617
745	4.737	4.773	4.701
746	4.741	4.801	4.680
747	4.806	4.885	4.727
748	4.831	4.917	4.746
749	4.794	4.892	4.696
750	4.831	4.940	4.723
751	4.818	4.932	4.704
752	4.793	4.861	4.725
753	4.789	4.811	4.767
754	4.722	0.000	0.000
755	4.656	0.000	0.000
756	4.589	4.613	4.564
757	4.582	4.632	4.532
758	4.596	4.672	4.519
759	4.601	4.667	4.535
760	4.541	4.608	4.475
761	4.475	4.557	4.394
762	4.363	4.492	4.234
763	4.213	4.319	4.107
764	4.230	4.311	4.149
765	4.300	4.375	4.225
766	4.278	4.369	4.186
767	4.177	4.256	4.098
768	4.075	4.129	4.021
769	4.091	4.160	4.022
770	4.153	4.221	4.084
771	4.109	4.185	4.033
772	4.011	4.082	3.939
773	3.932	3.978	3.887
774	3.933	3.986	3.881
775	3.863	3.968	3.758
776	3.803	3.939	3.668
777	3.843	3.958	3.729
778	3.772	3.854	3.690
779	3.696	3.754	3.637
780	3.607	3.657	3.556
781	3.594	3.663	3.524
782	3.682	3.786	3.578
783	3.677	3.805	3.549
784	3.593	3.683	3.504
785	3.627	3.691	3.563
786	3.729	3.808	3.650
787	3.883	4.002	3.763
788	4.130	4.285	3.974
789	4.315	4.441	4.189
790	4.471	4.564	4.379
791	4.585	4.677	4.493
792	4.690	4.762	4.617
793	4.804	4.868	4.740
794	4.872	4.936	4.807
795	4.925	4.981	4.869
796	4.927	4.997	4.856
797	4.859	4.955	4.764
798	4.772	4.861	4.683
799	4.802	4.894	4.709
800	4.786	4.876	4.696
801	4.699	4.756	4.641
802	4.678	4.699	4.657
803	4.686	4.703	4.669
804	4.678	4.710	4.645
805	4.634	4.674	4.594
806	4.593	4.636	4.549
807	4.585	4.647	4.523
808	4.577	4.652	4.501
809	4.586	4.649	4.522
810	4.555	4.602	4.509
811	4.502	4.554	4.450
812	4.464	4.518	4.410
813	4.463	4.516	4.410
814	4.469	4.538	4.399
815	4.373	4.477	4.269
816	4.251	4.349	4.153
817	4.250	4.328	4.173
818	4.303	4.350	4.255
819	4.323	4.363	4.282
820	4.310	4.361	4.259
821	4.245	4.303	4.187
822	4.161	4.223	4.099
823	4.136	4.178	4.094
824	4.115	4.150	4.079
825	4.081	4.107	4.055
826	4.057	4.100	4.015
827	4.015	4.075	3.954
828	4.041	4.115	3.967
829	4.129	4.203	4.054
830	4.194	4.269	4.120
831	4.260	4.330	4.190
832	4.295	4.357	4.233
833	4.279	4.336	4.221
834	4.157	4.228	4.087
835	4.035	4.102	3.968
836	4.005	4.070	3.939
837	3.991	4.025	3.957
838	3.965	4.001	3.929
839	3.984	4.060	3.908
840	4.038	4.106	3.970
841	4.052	4.094	4.010
842	3.956	4.077	3.834
843	3.792	3.944	3.641
844	3.877	4.035	3.719
845	3.997	4.132	3.862
846	3.838	3.984	3.692
847	3.750	3.838	3.663
848	3.767	3.842	3.693
849	3.853	3.932	3.774
850	3.766	3.871	3.662
851	3.678	3.754	3.601
852	3.710	3.764	3.655
853	3.659	3.759	3.559
854	3.634	3.806	3.463
855	3.776	3.925	3.628
856	3.942	4.004	3.880
857	3.990	4.053	3.926
858	3.973	4.106	3.840
859	3.891	4.001	3.781
860	3.804	3.939	3.669
861	3.738	3.909	3.567
862	3.782	3.927	3.637
863	3.923	3.992	3.855
864	3.961	4.000	3.922
865	3.955	4.031	3.878
866	4.025	4.100	3.950
867	4.084	4.130	4.039
868	4.114	4.195	4.034
869	4.294	4.464	4.123
870	4.592	4.704	4.480
871	4.712	4.782	4.642
872	4.832	4.932	4.732
873	4.910	4.991	4.829
874	4.877	4.951	4.803
875	4.933	5.006	4.859
876	4.992	5.042	4.941
877	4.987	5.014	4.960
878	4.932	4.963	4.902
879	4.940	4.988	4.892
880	5.011	5.064	4.959
881	5.008	5.055	4.961
882	4.937	5.003	4.871
883	4.852	4.923	4.781
884	4.817	4.858	4.775
885	4.796	4.824	4.768
886	4.787	4.812	4.763
887	4.815	4.864	4.765
888	4.861	4.928	4.794
889	4.850	4.924	4.776
890	4.808	4.867	4.748
891	4.799	4.837	4.762
892	4.802	4.845	4.759
893	4.787	4.834	4.740
894	4.746	4.788	4.704
895	4.724	4.765	4.683
896	4.748	4.799	4.697
897	4.727	4.784	4.669
898	4.730	4.803	4.657
899	4.767	4.871	4.663
900	4.646	4.819	4.472
901	4.508	4.747	4.269
902	4.552	4.760	4.343
903	4.558	4.709	4.407
904	4.469	4.584	4.354
905	4.433	4.523	4.344
906	4.373	4.453	4.292
907	4.402	4.505	4.298
908	4.414	4.542	4.286
909	4.371	4.470	4.272
910	4.378	4.456	4.300
911	4.375	4.470	4.280
912	4.380	4.488	4.272
913	4.369	4.478	4.261
914	4.476	4.601	4.352
915	4.578	4.685	4.472
916	4.559	4.668	4.449
917	4.560	4.638	4.481
918	4.552	4.630	4.474
919	4.634	4.721	4.548
920	4.675	4.732	4.617
921	4.646	4.686	4.607
922	4.626	4.673	4.579
923	4.570	4.649	4.490
924	4.572	4.715	4.429
925	4.568	4.729	4.406
926	4.548	4.668	4.427
927	4.519	4.579	4.459
928	4.507	4.527	4.487
929	4.376	4.501	4.250
930	3.825	3.936	3.715
931	3.825	3.928	3.722
932	3.923	3.995	3.852
933	3.959	3.979	3.939
934	3.949	3.985	3.913
935	3.996	4.149	3.843
936	4.225	4.389	4.061
937	4.307	4.397	4.217
938	4.201	4.294	4.109
939	4.085	4.155	4.014
940	4.053	4.080	4.025
941	4.033	4.079	3.988
942	3.983	4.039	3.927
943	3.969	3.993	3.944
944	3.834	3.931	3.738
945	3.599	3.653	3.545
946	3.599	3.653	3.545
947	3.818	3.950	3.685
948	3.980	0.000	0.000
949	3.964	4.029	3.899
950	3.715	3.829	3.602
951	3.620	0.000	0.000
952	3.583	3.630	3.536
953	3.478	3.528	3.428
954	3.480	3.536	3.423
955	3.486	3.529	3.443
956	3.506	3.565	3.447
957	3.544	3.611	3.477
958	3.633	3.735	3.531
959	3.610	3.776	3.444
960	3.678	3.864	3.492
961	3.984	4.145	3.823
962	4.151	4.319	3.984
963	4.250	4.412	4.088
964	4.451	4.575	4.327
965	4.553	4.703	4.403
966	4.594	4.722	4.466
967	4.598	4.686	4.510
968	4.561	4.661	4.460
969	4.566	4.652	4.481
970	4.513	4.575	4.451
971	4.476	4.516	4.437
972	4.439	4.495	4.383
973	4.315	4.412	4.217
974	4.229	4.332	4.125
975	4.137	4.221	4.053
976	3.908	3.952	3.863
977	3.890	0.000	0.000
978	3.857	3.884	3.830
979	3.812	3.823	3.801
980	3.805	3.836	3.774
981	3.682	3.756	3.607
982	3.590	0.000	0.000
983	3.629	3.735	3.523
984	3.913	4.046	3.781
985	3.990	0.000	0.000
986	4.041	4.134	3.948
987	4.378	4.459	4.298
988	4.398	4.451	4.345
989	4.295	4.409	4.182
990	4.178	4.237	4.119
991	4.045	4.178	3.912
992	3.906	3.969	3.843
993	3.797	3.902	3.692
994	3.770	3.848	3.692
995	3.951	4.048	3.853
996	3.995	4.030	3.959
997	3.966	4.001	3.932
998	3.934	3.989	3.879
999	3.936	4.023	3.849
1000	3.982	4.067	3.897
1001	4.045	4.111	3.979
1002	4.133	4.206	4.060
1003	4.266	4.355	4.176
1004	4.390	4.490	4.289
1005	4.454	4.571	4.337
1006	4.452	4.547	4.357
1007	4.444	4.508	4.381
1008	4.419	4.480	4.357
1009	4.409	4.458	4.360
1010	4.381	4.428	4.334
1011	4.318	4.366	4.270
1012	4.313	4.369	4.258
1013	4.296	4.384	4.208
1014	4.149	4.330	3.967
1015	3.945	4.131	3.759
1016	3.995	4.129	3.860
1017	4.118	4.218	4.019
1018	4.082	4.202	3.962
1019	3.991	4.075	3.906
1020	3.949	4.015	3.882
1021	3.916	3.985	3.848
1022	3.825	3.906	3.743
1023	3.753	3.808	3.698
1024	3.813	3.885	3.740
1025	3.922	3.978	3.866
1026	3.875	3.938	3.812
1027	3.820	3.980	3.660
1028	3.712	3.954	3.470
1029	3.807	4.087	3.526
1030	4.021	4.227	3.814
1031	4.076	4.197	3.955
1032	4.137	4.251	4.024
1033	4.368	4.477	4.259
1034	4.441	4.469	4.412
1035	4.456	4.487	4.425
1036	4.505	4.544	4.466
1037	4.517	4.556	4.479
1038	4.437	4.529	4.344
1039	4.350	4.449	4.251
1040	4.337	4.394	4.279
1041	4.396	4.438	4.354
1042	4.420	4.458	4.381
1043	4.421	4.488	4.355
1044	4.382	4.467	4.297
1045	4.362	4.420	4.304
1046	4.376	4.431	4.320
1047	4.322	4.392	4.253
1048	4.321	4.373	4.269
1049	4.351	4.394	4.307
1050	4.323	4.366	4.280
1051	4.316	4.360	4.271
1052	4.313	4.381	4.245
1053	4.279	4.365	4.192
1054	4.217	4.265	4.170
1055	4.164	4.199	4.129
1056	4.148	4.191	4.105
1057	4.174	4.231	4.118
1058	4.168	4.218	4.117
1059	4.181	4.248	4.115
1060	4.284	4.371	4.197
1061	4.261	4.379	4.144
1062	4.154	4.256	4.051
1063	3.973	4.084	3.863
1064	3.848	3.980	3.715
1065	3.929	4.067	3.790
1066	3.958	4.065	3.851
1067	3.842	3.967	3.718
1068	3.748	3.861	3.636
1069	3.609	3.721	3.498
1070	3.495	3.587	3.403
1071	3.468	3.530	3.405
1072	3.388	3.440	3.335
1073	3.339	3.377	3.302
1074	3.348	3.392	3.303
1075	3.444	3.523	3.366
1076	3.454	3.536	3.371
1077	3.384	3.451	3.316
1078	3.327	3.422	3.231
1079	3.294	3.396	3.192
1080	3.315	3.369	3.262
1081	3.343	3.380	3.306
1082	3.396	3.447	3.344
1083	3.496	3.564	3.428
1084	3.582	3.660	3.505
1085	3.648	3.739	3.557
1086	3.812	3.914	3.710
1087	3.983	4.070	3.896
1088	4.036	4.123	3.949
1089	4.099	4.217	3.981
1090	4.124	4.265	3.983
1091	4.245	4.352	4.137
1092	4.268	4.336	4.199
1093	4.243	4.314	4.172
1094	4.230	4.371	4.089
1095	4.188	4.372	4.004
1096	4.230	4.391	4.068
1097	4.412	4.527	4.296
1098	4.453	4.572	4.334
1099	4.394	4.515	4.272
1100	4.218	4.345	4.091
1101	4.151	4.231	4.072
1102	4.221	4.297	4.144
1103	4.234	4.320	4.147
1104	4.118	4.223	4.012
1105	4.049	4.105	3.993
1106	4.000	4.051	3.949
1107	3.930	3.986	3.874
1108	3.901	3.943	3.859
1109	3.857	3.927	3.786
1110	3.839	3.916	3.762
1111	3.923	3.994	3.852
1112	4.048	4.139	3.956
1113	4.121	4.242	4.000
1114	4.249	4.350	4.148
1115	4.378	4.440	4.317
1116	4.411	4.499	4.324
1117	4.422	4.529	4.315
1118	4.461	4.561	4.361
1119	4.514	4.580	4.449
1120	4.552	4.584	4.520
1121	4.468	0.000	0.000
1122	4.384	4.448	4.320
1123	4.442	4.540	4.345
1124	4.471	4.586	4.355
1125	4.400	4.485	4.315
1126	4.329	4.398	4.261
1127	4.385	4.472	4.298
1128	4.500	4.607	4.393
1129	4.541	4.651	4.431
1130	4.352	4.474	4.230
1131	4.291	4.366	4.216
1132	4.317	4.412	4.222
1133	4.255	4.361	4.150
1134	4.245	4.315	4.176
1135	4.281	4.321	4.240
1136	4.309	4.368	4.250
1137	4.303	4.406	4.200
1138	4.216	4.285	4.147
1139	4.141	4.173	4.108
1140	4.071	4.136	4.005
1141	3.979	4.073	3.886
1142	3.917	3.974	3.859
1143	3.964	4.050	3.878
1144	3.982	4.077	3.888
1145	3.894	3.955	3.833
1146	3.852	3.880	3.824
1147	3.834	3.870	3.798
1148	3.893	3.968	3.818
1149	4.018	4.103	3.933
1150	4.092	4.148	4.037
1151	4.042	4.125	3.958
1152	3.979	4.048	3.910
1153	4.023	4.070	3.975
1154	4.016	4.095	3.937
1155	3.886	3.995	3.776
1156	3.807	3.853	3.761
1157	3.802	3.829	3.775
1158	3.839	3.901	3.777
1159	3.900	3.949	3.851
1160	3.981	4.019	3.943
1161	3.946	4.026	3.865
1162	3.841	3.930	3.752
1163	3.753	3.818	3.689
1164	3.685	3.720	3.651
1165	3.693	3.739	3.647
1166	3.679	3.746	3.611
1167	3.636	3.712	3.560
1168	3.752	3.893	3.611
1169	4.037	4.172	3.902
1170	4.201	4.305	4.098
1171	4.190	4.309	4.071
1172	4.066	4.209	3.924
1173	3.953	4.096	3.811
1174	3.887	4.028	3.745
1175	3.766	3.878	3.653
1176	3.713	3.826	3.601
1177	3.676	3.776	3.576
1178	3.404	3.487	3.322
1179	3.360	0.000	0.000
1180	3.484	3.589	3.380
1181	3.673	3.704	3.642
1182	3.680	3.680	3.680
1183	3.680	3.680	3.680
1184	3.680	0.000	0.000
1185	3.715	0.000	0.000
1186	3.749	0.000	0.000
1187	3.784	0.000	0.000
1188	3.818	0.000	0.000
1189	3.853	0.000	0.000
1190	3.888	3.936	3.840
1191	4.000	4.132	3.868
1192	4.163	4.233	4.094
1193	4.240	4.341	4.138
1194	4.410	4.491	4.329
1195	4.435	4.448	4.423
1196	4.409	4.425	4.394
1197	4.404	4.420	4.388
1198	4.446	4.471	4.422
1199	4.482	4.500	4.463
1200	4.497	4.513	4.481
1201	4.507	4.514	4.501
1202	4.510	4.510	4.510
1203	4.511	4.514	4.508
1204	4.518	4.521	4.515
1205	4.517	4.534	4.499
1206	4.470	4.508	4.432
1207	4.432	4.447	4.418
1208	4.433	4.436	4.429
1209	4.439	4.442	4.436
1210	4.441	4.444	4.438
1211	4.447	4.451	4.444
1212	4.444	4.482	4.406
1213	4.343	4.445	4.241
1214	4.219	4.266	4.173
1215	4.205	4.215	4.194
1216	4.184	4.193	4.174
1217	4.184	4.197	4.170
1218	4.219	4.244	4.195
1219	4.222	4.253	4.191
1220	4.170	4.213	4.127
1221	4.141	4.160	4.123
1222	4.135	4.162	4.109
1223	4.086	4.124	4.047
1224	4.013	4.071	3.955
1225	3.922	3.979	3.865
1226	3.837	3.890	3.785
1227	3.729	3.827	3.631
1228	3.601	3.684	3.518
1229	3.612	3.657	3.567
1230	3.652	3.680	3.623
1231	3.642	3.657	3.627
1232	3.651	3.665	3.637
1233	3.674	3.688	3.659
1234	3.683	3.713	3.654
1235	3.633	3.681	3.586
1236	3.559	3.602	3.516
1237	3.518	3.555	3.481
1238	3.560	3.612	3.507
1239	3.614	3.663	3.566
1240	3.589	3.656	3.522
1241	3.675	3.782	3.567
1242	3.832	3.921	3.744
1243	3.902	4.001	3.803
1244	4.096	4.333	3.859
1245	4.444	4.650	4.237
1246	4.681	4.812	4.550
1247	4.704	4.818	4.590
1248	4.579	4.662	4.496
1249	4.563	4.586	4.540
1250	4.578	4.586	4.569
1251	4.595	4.630	4.559
1252	4.656	4.703	4.609
1253	4.674	4.728	4.620
1254	4.603	4.652	4.554
1255	4.552	4.580	4.524
1256	4.492	4.555	4.429
1257	4.383	4.459	4.306
1258	4.268	4.335	4.201
1259	4.187	4.229	4.145
1260	4.188	4.222	4.155
1261	4.254	4.307	4.200
1262	4.316	4.355	4.277
1263	4.304	4.322	4.286
1264	4.295	4.301	4.289
1265	4.294	4.303	4.284
1266	4.276	4.293	4.259
1267	4.247	4.268	4.226
1268	4.214	4.232	4.196
1269	4.195	4.205	4.186
1270	4.180	4.193	4.167
1271	4.157	4.175	4.140
1272	4.125	4.151	4.098
1273	4.079	4.120	4.039
1274	4.035	4.069	4.001
1275	4.055	4.084	4.026
1276	4.044	4.097	3.992
1277	3.985	4.032	3.938
1278	4.003	4.041	3.966
1279	3.987	4.064	3.911
1280	3.889	3.958	3.820
1281	3.889	3.922	3.856
1282	3.897	3.938	3.857
1283	3.863	3.923	3.803
1284	3.942	4.022	3.862
1285	4.039	4.092	3.987
1286	4.080	4.164	3.996
1287	4.241	4.378	4.104
1288	4.419	4.515	4.323
1289	4.448	4.458	4.438
1290	4.459	4.475	4.443
1291	4.493	4.528	4.459
1292	4.541	4.587	4.496
1293	4.506	4.565	4.448
1294	4.429	4.477	4.381
1295	4.427	4.456	4.398
1296	4.394	4.453	4.336
1297	4.324	4.366	4.282
1298	4.319	4.338	4.300
1299	4.338	4.345	4.332
1300	4.344	4.349	4.339
1301	4.347	4.357	4.337
1302	4.320	4.361	4.279
1303	4.265	4.291	4.239
1304	4.207	4.290	4.125
1305	4.090	4.134	4.046
1306	4.047	4.089	4.006
1307	3.984	4.020	3.949
1308	3.966	3.974	3.959
1309	3.954	3.961	3.946
1310	3.937	3.969	3.905
1311	3.880	3.917	3.843
1312	3.863	3.872	3.855
1313	3.875	3.883	3.866
1314	3.867	3.897	3.836
1315	3.780	3.849	3.712
1316	3.754	3.811	3.697
1317	3.910	4.051	3.770
1318	4.021	4.059	3.983
1319	4.030	4.031	4.029
1320	4.036	4.058	4.014
1321	4.100	4.171	4.029
1322	4.177	4.208	4.145
1323	4.240	4.310	4.170
1324	4.320	4.347	4.292
1325	4.327	4.331	4.322
1326	4.322	4.328	4.316
1327	4.337	4.363	4.311
1328	4.373	4.387	4.359
1329	4.371	4.388	4.355
1330	4.346	4.360	4.332
1331	4.333	4.348	4.317
1332	4.307	4.323	4.292
1333	4.313	4.345	4.281
1334	4.370	4.407	4.333
1335	4.387	4.395	4.378
1336	4.376	4.384	4.367
1337	4.360	4.385	4.335
1338	4.290	4.345	4.236
1339	4.253	4.266	4.240
1340	4.250	4.250	4.250
1341	4.253	4.261	4.244
1342	4.277	4.301	4.253
1343	4.291	4.317	4.264
1344	4.216	4.302	4.131
1345	4.134	4.169	4.099
1346	4.184	4.259	4.109
1347	4.260	4.311	4.210
1348	4.149	4.327	3.972
1349	3.923	4.003	3.842
1350	3.865	3.904	3.826
1351	3.810	3.839	3.781
1352	3.800	0.000	0.000
1353	3.733	0.000	0.000
1354	3.667	0.000	0.000
1355	3.600	0.000	0.000
1356	3.655	3.789	3.521
1357	3.894	4.050	3.738
1358	3.919	4.036	3.803
1359	3.619	3.836	3.401
1360	3.525	3.622	3.429
1361	3.759	3.950	3.568
1362	3.887	3.933	3.840
1363	3.864	3.892	3.836
1364	3.850	3.875	3.824
1365	3.920	3.992	3.849
1366	3.989	4.017	3.961
1367	4.046	4.103	3.989
1368	4.097	4.131	4.063
1369	4.018	4.126	3.910
1370	3.897	3.939	3.854
1371	3.897	3.920	3.874
1372	3.927	3.940	3.914
1373	3.952	3.987	3.917
1374	3.998	4.025	3.971
1375	3.951	4.058	3.845
1376	3.788	3.879	3.696
1377	3.803	3.914	3.692
1378	3.987	4.098	3.876
1379	4.057	4.100	4.015
1380	4.133	4.182	4.084
1381	4.142	4.177	4.107
1382	4.052	4.117	3.986
1383	4.025	4.056	3.993
1384	4.103	4.167	4.039
1385	4.147	4.168	4.125
1386	4.120	0.000	0.000
1387	4.093	4.106	4.080
1388	4.072	0.000	0.000
1389	4.051	4.096	4.006
1390	3.958	4.062	3.853
1391	3.847	3.888	3.806
1392	3.780	3.851	3.710
1393	3.700	3.727	3.672
1394	3.680	3.694	3.666
1395	3.661	3.672	3.650
1396	3.635	3.674	3.596
1397	3.582	3.604	3.560
1398	3.595	3.640	3.550
1399	3.664	3.703	3.625
1400	3.740	3.866	3.614
1401	3.950	4.076	3.824
1402	4.045	4.129	3.960
1403	4.196	4.294	4.097
1404	4.254	4.278	4.230
1405	4.293	4.320	4.267
1406	4.316	4.334	4.298
1407	4.363	4.400	4.327
1408	4.387	4.396	4.378
1409	4.378	4.387	4.369
1410	4.373	4.380	4.366
1411	4.391	4.410	4.372
1412	4.403	4.418	4.387
1413	4.371	4.407	4.334
1414	4.331	4.360	4.302
1415	4.272	4.307	4.237
1416	4.243	4.255	4.230
1417	4.239	4.246	4.232
1418	4.223	4.243	4.202
1419	4.190	4.207	4.174
1420	4.196	4.217	4.176
1421	4.214	4.225	4.204
1422	4.204	4.220	4.188
1423	4.235	4.328	4.142
1424	4.434	4.571	4.297
1425	4.485	4.611	4.359
1426	4.262	4.395	4.130
1427	4.210	4.274	4.145
1428	4.297	4.344	4.250
1429	4.347	4.382	4.311
1430	4.332	4.484	4.181
1431	3.980	4.412	3.548
1432	3.642	3.798	3.486
1433	3.701	3.808	3.593
1434	3.726	3.810	3.642
1435	3.568	3.665	3.471
1436	3.508	3.542	3.474
1437	3.550	3.631	3.469
1438	3.744	3.955	3.532
1439	4.024	4.207	3.841
1440	3.792	4.171	3.414
1441	3.474	3.617	3.331
1442	3.499	3.577	3.421
1443	3.585	3.651	3.520
1444	3.714	3.789	3.638
1445	3.744	3.793	3.695
1446	3.665	3.710	3.620
1447	3.610	3.648	3.572
1448	3.571	3.638	3.505
1449	3.711	3.915	3.507
1450	3.918	4.013	3.823
1451	4.041	4.115	3.966
1452	4.152	4.241	4.063
1453	4.309	4.399	4.220
1454	4.392	4.434	4.350
1455	4.441	4.463	4.419
1456	4.461	4.471	4.450
1457	4.484	4.513	4.455
1458	4.538	4.574	4.501
1459	4.539	4.575	4.503
1460	4.481	4.517	4.445
1461	4.426	4.466	4.386
1462	4.364	4.403	4.325
1463	4.292	4.338	4.247
1464	4.241	4.269	4.213
1465	4.194	4.233	4.156
1466	4.114	4.191	4.038
1467	4.018	4.068	3.968
1468	4.028	4.057	3.999
1469	4.024	4.079	3.970
1470	3.928	3.990	3.867
1471	3.897	3.920	3.873
1472	3.889	3.964	3.814
1473	3.730	3.937	3.523
1474	3.583	3.662	3.504
1475	3.619	3.664	3.575
1476	3.623	3.668	3.577
1477	3.554	3.593	3.515
1478	3.540	3.553	3.528
1479	3.530	3.571	3.488
1480	3.447	3.512	3.383
1481	3.418	3.471	3.366
1482	3.495	3.544	3.446
1483	3.520	3.536	3.504
1484	3.513	3.519	3.508
1485	3.516	3.520	3.511
1486	3.524	3.534	3.515
1487	3.552	3.601	3.502
1488	3.663	3.799	3.527
1489	3.870	3.977	3.763
1490	3.916	3.932	3.899
1491	3.950	4.048	3.853
1492	4.142	4.278	4.007
1493	4.231	4.291	4.171
1494	4.198	4.263	4.133
1495	4.307	4.444	4.171
1496	4.480	4.564	4.395
1497	4.493	4.523	4.463
1498	4.454	4.470	4.438
1499	4.440	4.459	4.421
1500	4.406	4.423	4.390
1501	4.401	4.404	4.398
1502	4.407	4.412	4.403
1503	4.401	4.433	4.369
1504	4.290	4.392	4.188
1505	4.184	4.221	4.147
1506	4.107	4.206	4.007
1507	3.959	4.023	3.895
1508	3.957	3.994	3.919
1509	4.031	4.070	3.992
1510	4.051	4.056	4.047
1511	4.063	4.072	4.055
1512	4.077	4.108	4.046
1513	4.182	4.297	4.068
1514	4.318	4.373	4.262
1515	4.276	4.366	4.187
1516	4.125	4.195	4.056
1517	4.102	4.108	4.096
1518	4.115	4.123	4.108
1519	4.129	4.169	4.088
1520	4.228	4.312	4.144
1521	4.297	4.342	4.253
1522	4.175	4.342	4.009
1523	3.946	4.043	3.849
1524	3.925	3.936	3.915
1525	3.946	3.956	3.935
1526	3.968	4.029	3.907
1527	4.110	4.205	4.014
1528	4.170	4.202	4.139
1529	4.089	4.174	4.005
1530	4.000	4.029	3.970
1531	4.033	4.098	3.968
1532	4.135	4.181	4.090
1533	4.154	4.163	4.144
1534	4.174	4.185	4.163
1535	4.187	4.214	4.159
1536	4.253	4.306	4.201
1537	4.297	4.316	4.279
1538	4.276	4.314	4.239
1539	4.189	4.216	4.162
1540	4.180	4.183	4.178
1541	4.189	4.196	4.181
1542	4.200	4.202	4.197
1543	4.202	4.209	4.194
1544	4.228	4.242	4.214
1545	4.240	0.000	0.000
1546	4.246	4.260	4.233
1547	4.284	4.297	4.270
1548	4.290	0.000	0.000
1549	4.221	4.300	4.142
1550	4.070	4.113	4.027
1551	4.057	4.075	4.039
1552	3.992	4.035	3.948
1553	3.942	3.956	3.928
1554	3.964	4.037	3.891
1555	4.197	4.296	4.097
1556	4.260	0.000	0.000
1557	4.203	4.293	4.112
1558	3.992	4.058	3.926
1559	3.973	3.993	3.952
1560	4.043	4.105	3.982
1561	4.136	4.161	4.110
1562	4.139	4.145	4.133
1563	4.119	4.129	4.109
1564	4.110	0.000	0.000
1565	4.070	4.157	3.984
1566	3.830	3.916	3.743
1567	3.790	0.000	0.000
1568	3.896	4.016	3.776
1569	4.125	4.190	4.059
1570	4.143	4.161	4.125
1571	4.208	4.252	4.165
1572	4.258	4.273	4.244
1573	4.268	4.290	4.245
1574	4.340	4.371	4.309
1575	4.360	0.000	0.000
