Age	d18OH2O	SLR
7	-0.072	-7.16
8	-0.184	-18.40
9	-0.211	-21.08
10	-0.020	-1.95
11	0.176	17.64
12	0.341	34.06
13	0.551	55.09
14	0.591	59.07
15	0.572	57.19
16	0.770	77.04
17	0.913	91.32
18	0.964	96.38
19	1.018	101.84
20	0.945	94.54
21	0.737	73.69
22	0.784	78.42
23	0.992	99.24
24	1.129	112.94
25	1.103	110.34
26	1.027	102.73
27	0.855	85.49
28	0.780	78.01
29	0.755	75.52
30	0.705	70.53
31	0.748	74.77
32	0.753	75.33
33	0.795	79.53
34	0.897	89.69
35	1.011	101.09
36	0.947	94.67
37	0.757	75.71
38	0.723	72.33
39	0.673	67.28
40	0.591	59.10
41	0.523	52.29
42	0.516	51.61
43	0.548	54.84
44	0.604	60.35
45	0.609	60.85
46	0.630	63.01
47	0.708	70.81
48	0.737	73.68
49	0.673	67.25
50	0.560	55.98
51	0.566	56.64
52	0.687	68.72
53	0.787	78.65
54	0.849	84.88
55	0.836	83.58
56	0.817	81.72
57	0.857	85.66
58	0.886	88.56
59	0.643	64.28
60	0.677	67.71
61	0.702	70.23
62	0.644	64.37
63	0.533	53.34
64	0.448	44.77
65	0.579	57.86
66	0.740	74.00
67	0.784	78.40
68	0.313	31.33
69	0.263	26.30
70	0.283	28.26
71	0.094	9.37
72	0.040	4.02
73	0.043	4.33
74	0.030	3.00
75	-0.010	-0.95
76	-0.009	-0.91
77	0.078	7.75
78	0.169	16.94
79	0.475	47.51
80	0.497	49.68
81	0.522	52.18
82	0.370	36.95
83	-0.121	-12.12
84	-0.147	-14.71
85	-0.178	-17.81
86	-0.148	-14.75
87	-0.111	-11.05
88	-0.015	-1.54
89	-0.029	-2.92
90	-0.072	-7.21
91	-0.064	-6.41
92	0.081	8.14
93	0.182	18.22
94	0.262	26.16
95	0.154	15.41
96	-0.029	-2.89
97	-0.006	-0.63
98	0.053	5.29
99	0.044	4.40
100	-0.040	-3.99
101	-0.143	-14.33
102	0.320	32.00
103	0.353	35.26
104	0.279	27.91
105	0.250	25.02
106	0.265	26.46
107	0.252	25.15
108	0.190	18.96
109	0.237	23.68
110	0.259	25.86
111	0.454	45.40
112	0.410	41.04
113	0.351	35.13
114	0.270	26.99
115	0.252	25.24
116	0.256	25.59
117	0.171	17.13
118	0.050	4.96
119	0.071	7.11
120	0.036	3.64
121	0.119	11.85
122	0.203	20.29
123	0.115	11.49
124	0.002	0.19
125	-0.030	-2.96
126	-0.033	-3.33
127	0.051	5.14
128	0.089	8.91
129	0.281	28.13
130	0.588	58.78
131	0.782	78.18
132	0.845	84.52
133	0.851	85.05
134	0.888	88.84
135	0.968	96.82
136	0.910	90.95
137	0.844	84.38
138	0.885	88.54
139	0.857	85.74
140	0.824	82.40
141	0.792	79.20
142	0.802	80.19
143	0.795	79.51
144	0.711	71.06
145	0.631	63.05
146	0.647	64.69
147	0.712	71.16
148	0.742	74.24
149	0.756	75.55
150	0.473	47.26
151	0.406	40.56
152	0.423	42.25
153	0.488	48.80
154	0.510	50.98
155	0.551	55.14
156	0.660	66.03
157	0.593	59.32
158	0.428	42.80
159	0.404	40.35
160	0.388	38.84
161	0.329	32.94
162	0.255	25.52
163	0.232	23.21
164	0.329	32.91
165	0.386	38.59
166	0.379	37.87
167	0.344	34.40
168	0.374	37.43
169	0.304	30.39
170	0.194	19.35
171	0.262	26.15
172	0.554	55.37
173	0.466	46.55
174	0.386	38.63
175	0.346	34.59
176	0.267	26.69
177	0.240	24.02
178	0.348	34.81
179	0.372	37.24
180	0.382	38.21
181	0.398	39.81
182	0.260	25.97
183	0.180	17.96
184	0.230	23.00
185	0.310	31.04
186	0.224	22.42
187	0.171	17.12
188	0.181	18.13
189	0.172	17.19
190	0.244	24.35
191	0.209	20.94
192	0.150	15.01
193	0.178	17.76
194	0.272	27.22
195	0.308	30.80
196	0.265	26.53
197	0.209	20.93
198	0.128	12.81
199	0.003	0.25
200	-0.095	-9.48
201	-0.092	-9.16
202	0.065	6.45
203	0.259	25.89
204	0.268	26.81
205	-0.029	-2.92
206	-0.117	-11.73
207	0.119	11.92
208	0.194	19.35
209	0.295	29.54
210	0.287	28.74
211	0.171	17.12
212	0.107	10.69
213	0.097	9.67
214	0.119	11.92
215	0.065	6.49
216	0.132	13.18
217	0.308	30.78
218	0.318	31.80
219	0.360	35.97
220	0.530	53.04
221	0.613	61.32
222	0.811	81.06
223	0.831	83.06
224	0.732	73.15
225	0.719	71.90
226	0.577	57.67
227	0.526	52.56
228	0.662	66.19
229	0.676	67.64
230	0.600	60.02
231	0.466	46.59
232	0.245	24.52
233	0.152	15.18
234	0.224	22.41
235	0.244	24.44
236	0.109	10.94
237	0.133	13.29
238	0.184	18.40
239	0.199	19.90
240	0.192	19.21
241	0.350	34.97
242	0.617	61.69
243	0.650	65.00
244	0.478	47.81
245	-0.521	-52.10
246	0.156	15.61
247	0.259	25.92
248	0.288	28.82
249	0.300	30.03
250	0.326	32.56
251	0.270	26.97
252	0.220	21.99
253	0.173	17.33
254	0.028	2.84
255	-0.162	-16.15
256	0.259	25.87
257	0.638	63.77
258	0.909	90.93
259	0.836	83.60
260	0.466	46.59
261	0.444	44.40
262	0.511	51.08
263	0.623	62.25
264	0.824	82.40
265	0.744	74.44
266	0.430	42.95
267	0.283	28.34
268	0.804	80.36
269	0.901	90.12
270	0.852	85.19
271	0.510	51.01
272	0.266	26.56
273	0.227	22.68
274	0.263	26.33
275	0.118	11.82
276	-0.027	-2.72
277	-0.084	-8.39
278	-0.076	-7.64
279	-0.057	-5.69
280	-0.035	-3.46
281	-0.032	-3.16
282	0.094	9.36
283	0.275	27.53
284	0.369	36.91
285	0.358	35.79
286	0.317	31.70
287	0.270	27.01
288	0.286	28.63
289	0.467	46.65
290	0.550	55.04
291	0.516	51.61
292	0.416	41.64
293	0.407	40.67
294	0.446	44.60
295	0.381	38.05
296	0.130	13.01
297	0.207	20.65
298	0.329	32.89
299	0.300	29.98
300	0.273	27.30
301	0.282	28.15
302	0.239	23.87
303	0.140	13.98
304	0.336	33.59
305	0.516	51.64
306	0.414	41.42
307	0.351	35.12
308	0.453	45.29
309	0.378	37.83
310	0.216	21.62
311	0.208	20.83
312	0.252	25.18
313	0.217	21.71
314	0.009	0.91
315	-0.043	-4.33
316	0.039	3.92
317	0.042	4.15
318	0.109	10.91
319	0.150	15.01
320	-0.003	-0.27
321	-0.113	-11.34
322	-0.279	-27.86
323	-0.395	-39.49
324	-0.248	-24.80
325	0.091	9.14
326	0.140	14.00
327	-0.100	-9.98
328	-0.302	-30.16
329	-0.351	-35.13
330	-0.344	-34.40
331	-0.186	-18.56
332	0.021	2.09
333	-0.052	-5.19
334	-0.251	-25.09
335	-0.182	-18.17
336	0.370	36.99
337	0.811	81.12
338	0.709	70.88
339	0.533	53.27
340	0.473	47.29
341	0.754	75.43
342	0.924	92.36
343	0.866	86.58
344	0.936	93.57
345	0.964	96.41
346	0.840	83.96
347	0.753	75.28
348	0.782	78.16
349	0.833	83.33
350	0.791	79.13
351	0.524	52.43
352	0.355	35.48
353	0.344	34.42
354	0.457	45.66
355	0.656	65.59
356	0.762	76.18
357	0.743	74.30
358	0.713	71.27
359	0.713	71.30
360	0.783	78.28
361	0.733	73.31
362	0.621	62.06
363	0.647	64.67
364	0.647	64.65
365	0.559	55.93
366	0.058	5.81
367	-0.067	-6.69
368	-0.045	-4.53
369	-0.044	-4.35
370	0.078	7.76
371	0.232	23.22
372	0.302	30.22
373	0.359	35.88
374	0.411	41.11
375	0.441	44.09
376	0.466	46.62
377	0.460	46.00
378	0.470	46.99
379	0.073	7.30
380	-0.294	-29.44
381	-0.365	-36.52
382	-0.127	-12.72
383	-0.135	-13.54
384	-0.133	-13.28
385	-0.092	-9.15
386	-0.044	-4.43
387	-0.063	-6.26
388	-0.051	-5.14
389	0.189	18.94
390	0.256	25.63
391	0.142	14.21
392	0.101	10.13
393	-0.017	-1.65
394	-0.079	-7.88
395	0.110	11.03
396	0.144	14.39
397	0.046	4.58
398	-0.154	-15.41
399	-0.397	-39.70
400	-0.576	-57.63
401	-0.484	-48.36
402	-0.348	-34.81
403	-0.428	-42.76
404	-0.506	-50.57
405	-0.374	-37.36
406	-0.292	-29.19
407	-0.337	-33.66
408	-0.345	-34.49
409	-0.336	-33.62
410	-0.107	-10.73
411	-0.035	-3.47
412	-0.133	-13.27
413	-0.238	-23.75
414	-0.165	-16.54
415	0.013	1.26
416	0.144	14.38
417	0.035	3.51
418	-0.192	-19.24
419	-0.204	-20.39
420	-0.013	-1.27
421	0.261	26.05
422	0.489	48.94
423	0.548	54.84
424	0.490	49.03
425	0.785	78.49
426	1.282	128.19
427	1.461	146.13
428	1.306	130.55
429	1.115	111.45
430	0.835	83.49
431	0.843	84.28
432	0.975	97.49
433	1.120	112.04
434	1.138	113.83
435	1.031	103.06
436	1.039	103.86
437	1.105	110.54
438	1.116	111.60
439	1.006	100.64
440	0.872	87.23
441	0.888	88.76
442	0.968	96.80
443	1.019	101.88
444	0.907	90.66
445	0.813	81.33
446	0.832	83.17
447	0.863	86.26
448	0.932	93.24
449	0.964	96.37
450	1.018	101.79
451	1.075	107.49
452	1.028	102.79
453	0.907	90.71
454	0.923	92.31
455	0.916	91.59
456	0.962	96.21
457	0.985	98.48
458	0.967	96.67
459	0.863	86.32
460	0.816	81.61
461	0.741	74.08
462	0.689	68.89
463	0.655	65.51
464	0.685	68.49
465	0.843	84.26
466	0.994	99.41
467	0.910	90.96
468	0.709	70.92
469	0.679	67.92
470	0.753	75.29
471	0.702	70.15
472	0.415	41.49
473	0.290	29.02
474	0.265	26.50
475	0.203	20.25
476	0.151	15.09
477	0.104	10.39
478	0.149	14.94
479	0.245	24.47
480	0.252	25.17
481	0.204	20.41
482	0.214	21.40
483	0.178	17.77
484	0.124	12.41
485	0.043	4.32
486	-0.021	-2.11
487	-0.004	-0.37
488	-0.035	-3.45
489	-0.030	-3.01
490	-0.058	-5.77
491	-0.094	-9.39
492	-0.150	-15.02
493	-0.183	-18.28
494	-0.164	-16.37
495	-0.085	-8.48
496	-0.022	-2.20
497	-0.134	-13.43
498	-0.175	-17.52
499	0.000	0.00
500	0.155	15.48
501	0.124	12.44
502	0.091	9.12
503	0.125	12.52
504	0.173	17.27
505	0.138	13.75
506	0.083	8.27
507	0.153	15.31
508	0.307	30.70
509	0.628	62.79
510	0.602	60.17
511	0.476	47.55
512	0.433	43.26
513	0.448	44.75
514	0.461	46.11
515	0.503	50.31
516	0.454	45.37
517	0.338	33.76
518	0.375	37.51
519	0.445	44.48
520	0.374	37.44
521	0.367	36.67
522	0.448	44.81
523	0.560	55.99
524	0.568	56.81
525	0.512	51.17
526	0.472	47.21
527	0.382	38.18
528	0.355	35.45
529	0.434	43.35
530	0.460	46.01
531	0.483	48.28
532	0.442	44.19
533	0.341	34.10
534	0.415	41.54
535	0.496	49.62
536	0.493	49.27
537	0.533	53.31
538	0.530	53.04
539	0.517	51.72
540	0.703	70.27
541	0.596	59.62
542	0.486	48.62
543	0.540	53.99
544	0.515	51.54
545	0.435	43.47
546	0.358	35.81
547	0.378	37.80
548	0.414	41.42
549	0.503	50.32
550	0.564	56.39
551	0.491	49.08
552	0.491	49.09
553	0.564	56.42
554	0.637	63.74
555	0.539	53.89
556	0.433	43.25
557	0.359	35.92
558	0.281	28.06
559	0.253	25.27
560	0.232	23.16
561	0.240	23.98
562	0.314	31.41
563	0.347	34.72
564	0.333	33.33
565	0.316	31.58
566	0.130	12.96
567	-0.057	-5.67
568	0.005	0.46
569	0.071	7.10
570	0.094	9.37
571	0.045	4.51
572	-0.049	-4.86
573	-0.019	-1.91
574	0.030	2.96
575	0.170	16.95
576	0.200	19.95
577	-0.030	-3.02
578	-0.143	-14.32
579	0.001	0.11
580	0.220	22.00
581	0.285	28.47
582	0.347	34.72
583	0.464	46.37
584	0.555	55.54
585	0.589	58.88
586	0.429	42.88
587	0.361	36.11
588	0.379	37.89
589	0.337	33.70
590	0.306	30.55
591	0.305	30.45
592	0.342	34.23
593	0.388	38.81
594	0.370	36.95
595	0.312	31.17
596	0.259	25.85
597	0.344	34.44
598	0.368	36.84
599	0.469	46.90
600	0.696	69.55
601	0.671	67.06
602	0.579	57.90
603	0.507	50.65
604	0.396	39.58
605	0.222	22.19
606	0.120	11.97
607	0.091	9.10
608	0.113	11.27
609	0.215	21.48
610	0.195	19.53
611	0.124	12.35
612	0.098	9.77
613	0.145	14.51
614	0.230	23.04
615	0.059	5.91
616	-0.158	-15.83
617	-0.170	-17.01
618	0.153	15.30
619	0.484	48.36
620	0.748	74.77
621	0.765	76.47
622	0.797	79.68
623	0.866	86.62
624	0.735	73.53
625	0.568	56.83
626	0.662	66.15
627	0.729	72.91
628	0.646	64.58
629	0.588	58.76
630	0.623	62.32
631	0.612	61.24
632	0.598	59.83
633	0.669	66.93
634	0.788	78.78
635	0.965	96.49
636	1.133	113.27
637	0.992	99.23
638	0.966	96.55
639	1.014	101.42
640	0.936	93.57
641	0.984	98.36
642	0.970	96.95
643	0.825	82.51
644	0.699	69.90
645	0.725	72.48
646	0.931	93.07
647	1.026	102.64
648	0.964	96.36
649	0.695	69.52
650	0.705	70.51
651	0.770	77.01
652	0.817	81.72
653	0.775	77.53
654	0.516	51.60
655	0.486	48.59
656	0.756	75.58
657	0.853	85.28
658	0.745	74.53
659	0.481	48.09
660	0.337	33.70
661	0.459	45.90
662	0.569	56.93
663	0.655	65.46
664	0.650	65.01
665	0.480	47.98
666	0.367	36.67
667	0.368	36.81
668	0.343	34.27
669	0.270	27.03
670	0.222	22.21
671	0.235	23.51
672	0.396	39.59
673	0.539	53.85
674	0.497	49.74
675	0.424	42.41
676	0.415	41.47
677	0.425	42.45
678	0.393	39.26
679	0.326	32.55
680	0.255	25.45
681	0.146	14.63
682	0.069	6.89
683	-0.018	-1.76
684	-0.063	-6.28
685	-0.061	-6.13
686	-0.168	-16.83
687	-0.211	-21.12
688	-0.185	-18.53
689	-0.172	-17.16
690	-0.108	-10.79
691	-0.043	-4.31
692	-0.155	-15.49
693	-0.225	-22.53
694	-0.201	-20.11
695	-0.235	-23.53
696	-0.283	-28.33
697	-0.311	-31.09
698	-0.255	-25.45
699	-0.198	-19.76
700	-0.258	-25.78
701	-0.249	-24.91
702	-0.130	-12.96
703	0.004	0.40
704	0.071	7.08
705	0.111	11.14
706	0.235	23.53
707	0.356	35.56
708	0.369	36.90
709	0.306	30.63
710	0.360	35.97
711	0.668	66.77
712	0.657	65.69
713	0.458	45.77
714	0.457	45.69
715	0.516	51.61
716	0.567	56.67
717	0.589	58.89
718	0.691	69.08
719	0.831	83.13
720	0.740	74.02
721	0.635	63.45
722	0.614	61.41
723	0.587	58.74
724	0.534	53.35
725	0.629	62.92
726	0.611	61.05
727	0.264	26.37
728	0.110	11.00
729	0.295	29.48
730	0.596	59.56
731	0.805	80.54
732	0.826	82.57
733	0.492	49.23
734	0.319	31.93
735	0.335	33.54
736	0.310	31.00
737	0.245	24.53
738	0.165	16.50
739	0.171	17.11
740	0.235	23.46
741	0.272	27.16
742	0.325	32.53
743	0.356	35.60
744	0.380	38.03
745	0.436	43.58
746	0.462	46.22
747	0.583	58.26
748	0.607	60.66
749	0.646	64.56
750	0.617	61.73
751	0.422	42.19
752	0.389	38.85
753	0.422	42.16
754	0.482	48.21
755	0.542	54.16
756	0.600	60.03
757	0.612	61.17
758	0.593	59.31
759	0.512	51.15
760	0.384	38.41
761	0.328	32.84
762	0.232	23.22
763	0.025	2.47
764	-0.009	-0.94
765	0.096	9.58
766	0.127	12.69
767	0.120	11.97
768	0.073	7.25
769	0.053	5.25
770	0.036	3.58
771	-0.031	-3.10
772	-0.110	-10.96
773	-0.200	-19.98
774	-0.163	-16.26
775	-0.148	-14.75
776	-0.208	-20.80
777	-0.117	-11.72
778	-0.042	-4.19
779	0.018	1.83
780	-0.030	-3.00
781	-0.004	-0.37
782	0.152	15.21
783	0.125	12.47
784	0.034	3.37
785	0.057	5.70
786	0.107	10.69
787	0.219	21.85
788	0.448	44.79
789	0.682	68.21
790	0.937	93.71
791	0.985	98.45
792	0.803	80.28
793	0.751	75.12
794	0.829	82.86
795	1.126	112.56
796	1.188	118.82
797	1.002	100.20
798	0.935	93.48
799	0.840	84.01
800	0.597	59.68
801	0.468	46.79
802	0.418	41.83
803	0.386	38.57
804	0.354	35.36
805	0.332	33.23
806	0.302	30.15
807	0.255	25.53
808	0.282	28.17
809	0.331	33.05
810	0.320	32.01
811	0.315	31.54
812	0.252	25.19
813	0.261	26.10
814	0.268	26.81
815	0.094	9.41
816	-0.074	-7.44
817	-0.016	-1.64
818	0.173	17.28
819	0.230	22.99
820	0.279	27.89
821	0.211	21.12
822	0.058	5.78
823	0.045	4.51
824	0.022	2.23
825	0.033	3.27
826	0.084	8.35
827	-0.041	-4.10
828	-0.175	-17.51
829	-0.173	-17.32
830	-0.163	-16.28
831	-0.136	-13.61
832	-0.080	-8.03
833	-0.098	-9.78
834	-0.001	-0.11
835	-0.055	-5.46
836	-0.149	-14.88
837	-0.138	-13.82
838	-0.162	-16.24
839	-0.197	-19.73
840	-0.201	-20.08
841	-0.137	-13.68
842	-0.107	-10.73
843	-0.186	-18.60
844	-0.114	-11.39
845	-0.011	-1.13
846	-0.105	-10.54
847	-0.244	-24.37
848	-0.314	-31.36
849	-0.209	-20.86
850	-0.188	-18.78
851	-0.219	-21.89
852	-0.242	-24.20
853	-0.270	-27.03
854	-0.202	-20.22
855	0.025	2.52
856	0.110	11.04
857	0.077	7.65
858	0.038	3.76
859	-0.072	-7.24
860	-0.112	-11.22
861	-0.083	-8.28
862	-0.025	-2.50
863	0.138	13.76
864	0.240	23.99
865	0.311	31.13
866	0.345	34.51
867	0.268	26.78
868	0.134	13.42
869	0.292	29.15
870	0.561	56.11
871	0.592	59.19
872	0.759	75.93
873	0.952	95.22
874	1.015	101.47
875	0.945	94.54
876	0.828	82.79
877	0.754	75.41
878	0.821	82.11
879	0.868	86.78
880	0.882	88.21
881	0.945	94.50
882	1.027	102.66
883	1.031	103.08
884	0.953	95.25
885	0.869	86.88
886	0.943	94.25
887	1.023	102.28
888	1.109	110.87
889	1.164	116.40
890	1.063	106.25
891	0.989	98.93
892	0.860	85.98
893	0.654	65.44
894	0.601	60.13
895	0.676	67.64
896	0.710	71.01
897	0.576	57.61
898	0.541	54.05
899	0.623	62.31
900	0.526	52.56
901	0.452	45.23
902	0.512	51.17
903	0.537	53.65
904	0.544	54.41
905	0.535	53.48
906	0.459	45.87
907	0.500	50.02
908	0.484	48.41
909	0.475	47.46
910	0.411	41.07
911	0.368	36.79
912	0.415	41.53
913	0.382	38.19
914	0.424	42.43
915	0.590	59.00
916	0.740	74.02
917	0.764	76.44
918	0.569	56.92
919	0.461	46.11
920	0.613	61.34
921	0.762	76.22
922	0.682	68.20
923	0.427	42.74
924	0.328	32.84
925	0.318	31.81
926	0.292	29.23
927	0.272	27.16
928	0.306	30.60
929	0.194	19.44
930	-0.373	-37.32
931	-0.338	-33.81
932	-0.180	-17.95
933	-0.193	-19.28
934	-0.209	-20.93
935	-0.081	-8.11
936	0.112	11.20
937	0.148	14.81
938	0.032	3.18
939	-0.096	-9.56
940	-0.139	-13.85
941	-0.169	-16.85
942	-0.230	-22.96
943	-0.255	-25.46
944	-0.344	-34.41
945	-0.485	-48.51
946	-0.475	-47.49
947	-0.205	-20.52
948	-0.006	-0.55
949	-0.021	-2.10
950	-0.261	-26.13
951	-0.343	-34.34
952	-0.279	-27.85
953	-0.277	-27.72
954	-0.309	-30.88
955	-0.292	-29.15
956	-0.178	-17.78
957	-0.092	-9.16
958	-0.124	-12.35
959	-0.172	-17.15
960	-0.037	-3.74
961	0.264	26.36
962	0.250	25.00
963	0.209	20.89
964	0.241	24.05
965	0.332	33.17
966	0.397	39.74
967	0.289	28.93
968	0.252	25.21
969	0.353	35.27
970	0.339	33.87
971	0.252	25.15
972	0.148	14.81
973	0.046	4.63
974	0.007	0.68
975	0.040	4.00
976	0.216	21.61
977	0.230	23.03
978	0.129	12.86
979	-0.009	-0.90
980	-0.024	-2.41
981	-0.253	-25.25
982	-0.422	-42.21
983	-0.391	-39.13
984	-0.165	-16.45
985	-0.104	-10.35
986	-0.095	-9.53
987	-0.044	-4.38
988	-0.024	-2.39
989	0.103	10.30
990	0.191	19.11
991	-0.123	-12.32
992	-0.443	-44.31
993	-0.411	-41.11
994	-0.292	-29.16
995	-0.008	-0.80
996	0.113	11.25
997	0.127	12.71
998	0.128	12.79
999	0.143	14.26
1000	0.195	19.54
1001	0.226	22.63
1002	0.223	22.32
1003	0.273	27.34
1004	0.274	27.41
1005	0.303	30.30
1006	0.432	43.19
1007	0.494	49.41
1008	0.444	44.38
1009	0.413	41.25
1010	0.337	33.65
1011	0.259	25.86
1012	0.278	27.81
1013	0.299	29.93
1014	0.211	21.14
1015	0.060	6.03
1016	0.134	13.37
1017	0.197	19.67
1018	0.122	12.19
1019	0.061	6.14
1020	0.065	6.53
1021	-0.028	-2.82
1022	-0.217	-21.69
1023	-0.249	-24.92
1024	-0.135	-13.51
1025	-0.044	-4.39
1026	-0.008	-0.77
1027	-0.033	-3.25
1028	-0.206	-20.60
1029	-0.102	-10.21
1030	0.156	15.62
1031	0.106	10.58
1032	0.001	0.07
1033	0.180	18.00
1034	0.333	33.25
1035	0.403	40.34
1036	0.349	34.93
1037	0.319	31.92
1038	0.238	23.76
1039	0.137	13.73
1040	0.170	17.02
1041	0.294	29.35
1042	0.297	29.69
1043	0.202	20.20
1044	0.157	15.71
1045	0.166	16.61
1046	0.090	8.96
1047	0.103	10.30
1048	0.191	19.13
1049	0.157	15.68
1050	0.134	13.41
1051	0.198	19.80
1052	0.151	15.06
1053	0.110	11.00
1054	0.121	12.11
1055	0.082	8.17
1056	0.081	8.12
1057	0.084	8.37
1058	-0.048	-4.78
1059	-0.120	-12.03
1060	-0.002	-0.16
1061	0.125	12.53
1062	0.052	5.20
1063	-0.190	-18.95
1064	-0.195	-19.54
1065	-0.091	-9.11
1066	-0.092	-9.15
1067	-0.190	-19.03
1068	-0.217	-21.66
1069	-0.269	-26.90
1070	-0.308	-30.82
1071	-0.232	-23.16
1072	-0.176	-17.56
1073	-0.167	-16.68
1074	-0.140	-14.01
1075	-0.015	-1.48
1076	0.054	5.35
1077	-0.061	-6.12
1078	-0.221	-22.12
1079	-0.297	-29.73
1080	-0.252	-25.18
1081	-0.209	-20.89
1082	-0.097	-9.66
1083	0.056	5.59
1084	0.094	9.37
1085	0.088	8.75
1086	0.221	22.09
1087	0.469	46.85
1088	0.544	54.35
1089	0.489	48.94
1090	0.566	56.62
1091	0.736	73.64
1092	0.575	57.49
1093	0.343	34.25
1094	0.324	32.44
1095	0.307	30.65
1096	0.319	31.89
1097	0.410	40.97
1098	0.287	28.66
1099	0.106	10.61
1100	-0.093	-9.29
1101	-0.103	-10.27
1102	0.020	2.02
1103	0.106	10.58
1104	0.151	15.07
1105	0.173	17.34
1106	0.121	12.10
1107	0.089	8.89
1108	0.003	0.33
1109	-0.039	-3.89
1110	0.044	4.38
1111	0.256	25.55
1112	0.360	35.99
1113	0.339	33.86
1114	0.387	38.73
1115	0.394	39.41
1116	0.404	40.43
1117	0.465	46.48
1118	0.560	56.02
1119	0.642	64.17
1120	0.561	56.07
1121	0.358	35.77
1122	0.154	15.40
1123	0.231	23.08
1124	0.282	28.20
1125	0.219	21.92
1126	0.222	22.18
1127	0.351	35.10
1128	0.404	40.43
1129	0.339	33.93
1130	0.149	14.91
1131	0.159	15.91
1132	0.256	25.55
1133	0.166	16.60
1134	0.179	17.94
1135	0.222	22.19
1136	0.242	24.16
1137	0.262	26.15
1138	0.186	18.59
1139	0.188	18.83
1140	0.206	20.60
1141	0.249	24.87
1142	0.278	27.84
1143	0.342	34.23
1144	0.321	32.05
1145	0.153	15.33
1146	0.074	7.44
1147	0.085	8.54
1148	0.209	20.91
1149	0.301	30.10
1150	0.298	29.84
1151	0.292	29.17
1152	0.320	32.01
1153	0.359	35.94
1154	0.324	32.43
1155	0.076	7.58
1156	-0.048	-4.80
1157	-0.028	-2.82
1158	0.050	5.02
1159	0.149	14.89
1160	0.117	11.69
1161	0.022	2.15
1162	-0.020	-2.03
1163	-0.032	-3.16
1164	-0.062	-6.19
1165	0.008	0.76
1166	0.074	7.35
1167	0.046	4.64
1168	0.122	12.15
1169	0.284	28.39
1170	0.253	25.27
1171	0.217	21.70
1172	0.097	9.66
1173	0.026	2.60
1174	0.014	1.41
1175	-0.192	-19.24
1176	-0.359	-35.86
1177	-0.376	-37.62
1178	-0.382	-38.22
1179	-0.394	-39.43
1180	-0.309	-30.91
1181	-0.168	-16.79
1182	-0.108	-10.75
1183	-0.022	-2.17
1184	0.007	0.72
1185	0.005	0.49
1186	0.003	0.25
1187	0.000	0.01
1188	-0.002	-0.24
1189	-0.005	-0.50
1190	-0.008	-0.77
1191	0.063	6.32
1192	0.166	16.60
1193	0.255	25.53
1194	0.481	48.09
1195	0.484	48.39
1196	0.274	27.41
1197	0.211	21.07
1198	0.302	30.16
1199	0.311	31.10
1200	0.235	23.49
1201	0.144	14.37
1202	0.057	5.70
1203	0.076	7.61
1204	0.215	21.53
1205	0.243	24.32
1206	0.126	12.62
1207	0.030	3.03
1208	0.044	4.43
1209	0.096	9.55
1210	0.129	12.87
1211	0.328	32.80
1212	0.400	39.95
1213	0.311	31.09
1214	0.203	20.27
1215	0.206	20.56
1216	0.247	24.74
1217	0.234	23.39
1218	0.015	1.51
1219	-0.115	-11.52
1220	-0.152	-15.15
1221	-0.230	-22.96
1222	-0.323	-32.31
1223	-0.279	-27.89
1224	-0.251	-25.12
1225	-0.315	-31.45
1226	-0.419	-41.88
1227	-0.469	-46.93
1228	-0.442	-44.22
1229	-0.478	-47.76
1230	-0.469	-46.85
1231	-0.341	-34.11
1232	-0.310	-30.95
1233	-0.193	-19.29
1234	0.143	14.30
1235	0.067	6.66
1236	-0.109	-10.89
1237	0.044	4.37
1238	-0.009	-0.93
1239	-0.117	-11.74
1240	0.104	10.37
1241	0.084	8.40
1242	-0.115	-11.51
1243	-0.059	-5.90
1244	0.172	17.17
1245	0.502	50.15
1246	0.717	71.69
1247	0.671	67.10
1248	0.487	48.68
1249	0.635	63.51
1250	0.631	63.09
1251	0.323	32.26
1252	0.240	23.95
1253	0.297	29.74
1254	0.377	37.71
1255	0.256	25.56
1256	0.160	15.95
1257	0.219	21.90
1258	0.102	10.17
1259	-0.038	-3.83
1260	-0.018	-1.82
1261	0.008	0.78
1262	-0.048	-4.78
1263	-0.214	-21.42
1264	-0.073	-7.34
1265	0.148	14.75
1266	-0.007	-0.70
1267	-0.171	-17.12
1268	-0.259	-25.87
1269	-0.256	-25.59
1270	-0.089	-8.85
1271	0.113	11.28
1272	-0.042	-4.15
1273	-0.169	-16.90
1274	-0.164	-16.43
1275	-0.175	-17.48
1276	-0.160	-15.99
1277	-0.129	-12.93
1278	-0.226	-22.55
1279	-0.313	-31.31
1280	-0.289	-28.87
1281	-0.140	-14.02
1282	-0.050	-4.99
1283	-0.122	-12.23
1284	-0.106	-10.56
1285	-0.018	-1.83
1286	0.129	12.94
1287	0.397	39.68
1288	0.595	59.48
1289	0.455	45.53
1290	0.329	32.88
1291	0.277	27.74
1292	0.293	29.30
1293	0.318	31.78
1294	0.317	31.70
1295	0.249	24.92
1296	0.203	20.31
1297	0.175	17.49
1298	-0.016	-1.58
1299	-0.227	-22.74
1300	-0.228	-22.75
1301	-0.192	-19.22
1302	-0.161	-16.14
1303	-0.114	-11.44
1304	-0.135	-13.46
1305	-0.202	-20.19
1306	-0.258	-25.80
1307	-0.389	-38.88
1308	-0.317	-31.72
1309	0.034	3.42
1310	0.057	5.73
1311	-0.276	-27.55
1312	-0.365	-36.54
1313	-0.243	-24.30
1314	-0.197	-19.68
1315	-0.250	-24.96
1316	-0.271	-27.13
1317	-0.203	-20.30
1318	-0.158	-15.75
1319	-0.181	-18.11
1320	-0.196	-19.63
1321	-0.099	-9.88
1322	0.015	1.45
1323	0.035	3.45
1324	0.048	4.75
1325	0.075	7.51
1326	0.116	11.62
1327	0.014	1.44
1328	-0.246	-24.63
1329	-0.320	-31.99
1330	-0.395	-39.50
1331	-0.382	-38.19
1332	-0.276	-27.61
1333	-0.193	-19.28
1334	0.038	3.84
1335	0.100	9.97
1336	0.014	1.40
1337	-0.068	-6.82
1338	-0.360	-36.01
1339	-0.501	-50.08
1340	-0.376	-37.62
1341	-0.273	-27.33
1342	-0.176	-17.63
1343	-0.085	-8.50
1344	0.057	5.65
1345	0.206	20.55
1346	0.225	22.45
1347	0.220	22.04
1348	0.105	10.54
1349	-0.109	-10.93
1350	-0.161	-16.12
1351	-0.206	-20.56
1352	-0.188	-18.76
1353	-0.176	-17.57
1354	-0.245	-24.46
1355	-0.382	-38.22
1356	-0.362	-36.19
1357	-0.185	-18.49
1358	-0.164	-16.37
1359	-0.371	-37.09
1360	-0.452	-45.16
1361	-0.398	-39.75
1362	-0.346	-34.56
1363	-0.184	-18.40
1364	-0.077	-7.70
1365	-0.087	-8.66
1366	-0.086	-8.60
1367	0.099	9.94
1368	0.298	29.77
1369	0.173	17.26
1370	-0.038	-3.80
1371	-0.015	-1.51
1372	0.067	6.69
1373	-0.072	-7.24
1374	-0.440	-44.02
1375	-0.534	-53.35
1376	-0.607	-60.73
1377	-0.595	-59.47
1378	-0.491	-49.11
1379	-0.412	-41.18
1380	-0.195	-19.47
1381	-0.109	-10.90
1382	-0.038	-3.77
1383	-0.032	-3.19
1384	-0.179	-17.90
1385	-0.261	-26.06
1386	-0.233	-23.32
1387	-0.206	-20.60
1388	-0.194	-19.38
1389	-0.182	-18.17
1390	-0.291	-29.09
1391	-0.380	-37.98
1392	0.032	3.21
1393	0.603	60.25
1394	0.354	35.40
1395	-0.255	-25.48
1396	-0.374	-37.37
1397	-0.416	-41.57
1398	-0.351	-35.09
1399	-0.230	-23.03
1400	-0.255	-25.46
1401	-0.400	-40.02
1402	-0.440	-44.00
1403	-0.428	-42.79
1404	-0.396	-39.56
1405	-0.241	-24.10
1406	-0.199	-19.92
1407	-0.353	-35.28
1408	-0.445	-44.47
1417	-0.262	-26.18
1418	-0.212	-21.21
1419	-0.192	-19.20
1420	-0.173	-17.27
1421	0.279	27.89
1422	0.482	48.15
1424	0.396	39.64
1425	0.131	13.08
1426	-0.103	-10.34
1427	0.151	15.12
1428	0.233	23.31
1429	0.071	7.07
1430	-0.138	-13.78
1431	0.409	40.89
1433	0.552	55.17
1434	0.261	26.12
1435	0.189	18.89
1436	0.209	20.88
1437	0.308	30.77
1438	0.316	31.57
1439	0.248	24.79
1440	0.032	3.22
1441	-0.178	-17.77
1442	-0.105	-10.52
1443	0.004	0.44
1444	0.173	17.26
1447	0.459	45.93
1448	-0.125	-12.49
1449	-0.085	-8.52
1450	0.125	12.54
1451	0.086	8.63
1452	0.074	7.43
1453	0.222	22.17
1454	0.387	38.69
1455	0.555	55.49
1456	0.463	46.33
1457	0.360	35.99
1458	0.421	42.07
1459	0.377	37.71
1460	0.193	19.29
1461	0.148	14.76
1462	0.129	12.86
1463	0.029	2.92
1464	0.084	8.36
1465	0.407	40.71
1466	0.553	55.33
1467	0.570	56.97
1468	0.351	35.07
1469	0.129	12.92
1470	-0.025	-2.46
1471	-0.003	-0.28
1472	0.105	10.46
1473	-0.098	-9.78
1474	-0.277	-27.74
1475	-0.087	-8.69
1476	-0.066	-6.57
1477	-0.288	-28.81
1478	-0.275	-27.50
1479	-0.218	-21.75
1480	-0.419	-41.86
1481	-0.434	-43.37
1482	-0.056	-5.63
1483	0.007	0.73
1484	-0.129	-12.89
1485	-0.213	-21.34
1486	-0.249	-24.87
1487	-0.200	-20.01
1488	0.020	2.03
1489	0.416	41.63
1490	0.434	43.40
1491	0.363	36.26
1492	0.472	47.20
1493	0.469	46.93
1494	0.303	30.33
1495	0.442	44.20
1496	0.706	70.62
1497	0.646	64.63
1498	0.463	46.27
1499	0.400	40.04
1500	0.256	25.58
1501	0.252	25.15
1502	0.413	41.27
1503	0.458	45.78
1504	0.227	22.65
1505	0.007	0.65
1506	0.137	13.69
1507	0.194	19.42
1508	0.395	39.46
1509	0.669	66.93
1510	0.670	67.04
1511	0.509	50.88
1512	0.420	42.01
1513	0.441	44.10
1514	0.474	47.43
1515	0.468	46.79
1516	0.441	44.12
1517	0.473	47.31
1518	0.690	69.03
1519	0.752	75.16
1520	0.575	57.49
1521	0.437	43.72
1522	0.471	47.05
1523	0.544	54.35
1524	0.509	50.88
1525	0.344	34.35
1526	0.312	31.20
1527	0.355	35.53
1528	0.369	36.85
1529	0.273	27.34
1530	0.171	17.08
1531	0.203	20.26
1532	0.303	30.34
1533	0.337	33.71
1534	0.436	43.62
1535	0.460	45.95
1536	0.392	39.21
1537	0.347	34.74
1538	0.364	36.37
1539	0.433	43.29
1540	0.452	45.16
1541	0.774	77.40
1542	1.188	118.76
1543	1.174	117.40
1544	0.678	67.76
1545	0.443	44.31
1546	0.460	46.01
1547	0.563	56.31
1548	0.580	58.01
1549	0.466	46.61
1550	0.219	21.89
1551	0.197	19.74
1552	0.096	9.57
1553	0.018	1.79
1554	0.045	4.54
1555	0.339	33.94
1556	0.420	41.96
1557	0.353	35.27
1558	0.108	10.76
1559	0.089	8.91
1560	0.276	27.61
1561	0.520	51.96
1562	0.507	50.70
1563	0.148	14.77
1564	-0.021	-2.06
1565	-0.011	-1.06
1566	0.047	4.73
1567	0.056	5.64
1568	0.171	17.13
1569	0.420	42.00
1570	0.437	43.74
1571	0.451	45.10
1572	0.461	46.14
1573	0.453	45.32
1574	0.370	36.98
1575	0.347	34.68
