Age	d18O
7.0	3.40
8.1	3.33
8.4	3.34
10.1	3.46
10.3	3.36
11.0	
11.7	3.50
12.1	3.65
12.4	
13.5	4.40
13.7	3.92
14.1	4.33
15.1	
15.3	4.51
17.0	4.99
17.3	5.03
18.8	4.76
18.9	5.21
20.2	
20.6	5.11
20.9	4.94
21.3	3.61
21.7	4.91
22.0	4.98
22.7	4.93
23.1	5.02
23.8	5.01
24.6	4.98
24.9	4.78
25.1	
25.5	5.03
25.8	5.00
26.2	4.83
26.7	4.93
27.1	5.08
27.5	5.00
27.8	4.89
28.2	4.71
28.5	4.82
28.7	
29.1	4.82
29.6	4.59
30.3	5.06
30.7	
31.1	4.82
31.4	4.77
31.8	4.28
32.2	4.80
32.3	
34.1	4.68
34.3	4.77
34.9	4.70
35.2	4.75
36.1	4.77
36.5	4.65
37.2	4.26
37.6	4.63
38.3	4.64
38.7	4.72
38.9	4.65
39.2	4.66
39.6	4.74
39.9	4.74
40.3	
40.5	4.80
40.8	4.35
41.6	4.78
41.9	4.68
42.3	4.60
42.5	4.64
43.0	4.69
43.4	4.76
43.7	4.69
44.1	4.68
44.3	4.55
44.5	4.39
44.8	
45.5	4.54
45.9	4.66
46.3	4.59
47.2	4.37
47.5	
47.9	4.58
48.1	4.43
48.4	4.67
48.8	4.60
49.2	4.57
49.9	4.56
50.6	4.56
51.0	4.59
51.5	4.41
51.7	4.33
52.1	4.57
52.4	4.97
52.8	4.54
53.0	4.60
53.3	4.44
53.9	4.55
54.2	4.53
54.6	4.52
55.0	4.73
55.1	4.43
55.3	4.32
55.9	
56.2	4.53
56.8	
57.1	4.50
60.9	4.75
61.3	4.67
61.8	
62.4	4.46
62.7	4.51
63.1	
63.5	4.69
64.2	4.63
64.4	4.51
64.9	
65.3	4.70
65.6	4.68
66.0	4.78
68.7	
69.3	4.36
71.9	4.22
74.6	4.15
75.2	3.93
76.9	
77.8	4.09
79.9	
80.2	3.93
81.1	3.90
83.7	3.76
84.0	3.63
86.1	4.11
86.4	
87.0	4.19
89.2	
90.2	4.12
92.5	4.02
93.4	4.19
96.3	
96.6	3.79
98.9	3.86
99.2	3.88
99.8	3.45
103.7	4.08
104.0	3.95
104.6	4.04
105.3	4.04
105.9	3.95
106.6	4.08
108.5	4.07
109.5	3.73
110.1	
112.0	4.31
112.3	3.86
115.2	3.95
115.9	3.93
117.2	
118.4	3.63
118.8	3.68
119.7	3.42
121.3	3.36
122.3	3.69
122.9	3.29
123.6	3.34
124.2	3.22
124.8	
125.5	3.19
126.1	
127.4	3.31
128.1	3.34
128.7	
129.3	3.63
130.0	4.05
130.6	4.18
131.6	3.95
132.5	4.59
133.2	4.72
133.8	4.70
134.5	4.90
135.1	4.92
135.8	4.76
136.4	5.00
137.0	4.77
137.7	4.90
138.0	5.12
138.2	4.94
138.6	4.86
139.1	4.89
139.5	4.86
139.9	4.95
140.3	4.77
140.8	4.93
141.2	4.74
141.6	4.84
142.0	4.95
142.5	4.90
142.9	4.75
143.3	4.67
143.7	4.76
144.2	4.77
144.6	4.57
147.4	4.81
147.8	4.59
148.6	4.65
150.8	
151.0	4.67
151.4	4.55
151.8	4.56
152.2	4.66
152.9	4.53
153.5	4.63
154.0	4.53
154.4	4.56
154.8	4.74
155.2	4.49
155.7	4.82
156.1	4.67
156.9	4.75
157.1	4.91
157.8	4.72
158.2	4.72
158.6	4.52
158.8	4.89
159.1	4.64
159.5	4.78
159.9	4.80
160.3	4.74
160.8	4.69
161.2	4.62
161.6	4.71
162.5	4.59
162.9	4.54
163.3	4.60
163.7	4.61
164.2	4.57
164.6	4.53
165.0	4.61
165.4	4.48
165.9	4.60
166.3	4.53
166.7	4.51
167.1	4.51
167.6	4.61
168.0	4.28
168.4	4.61
168.8	4.69
169.3	4.55
169.7	4.42
170.1	4.59
170.5	4.48
172.2	4.64
173.5	4.34
173.9	4.27
174.2	4.40
174.4	4.41
174.8	4.33
175.2	4.33
176.1	4.36
176.5	4.26
176.9	4.36
178.6	4.45
179.0	4.48
179.5	4.33
179.9	4.42
181.2	4.51
182.4	4.52
182.9	4.32
183.3	4.40
184.6	4.38
185.0	4.77
185.5	4.69
186.0	4.56
186.5	4.53
187.0	4.56
188.8	4.69
189.6	4.37
190.1	4.59
190.6	4.44
191.1	4.54
191.6	4.47
192.1	4.61
192.3	4.50
192.6	4.41
193.1	4.58
194.1	4.40
195.1	4.14
196.7	4.15
197.4	4.62
197.7	4.10
198.2	4.14
198.7	4.10
199.9	3.70
200.2	3.97
200.7	3.91
201.2	3.83
202.0	3.79
202.7	3.81
203.2	3.77
203.7	3.95
205.3	3.57
205.8	3.53
207.3	3.61
207.8	3.62
208.3	3.65
208.8	3.71
209.3	4.62
210.3	3.66
210.8	3.71
211.3	4.06
211.9	3.93
212.4	3.90
212.9	3.72
213.4	3.78
213.9	3.71
214.4	3.78
214.9	3.76
215.4	3.54
215.9	3.66
216.4	
216.9	3.86
217.4	3.98
217.9	3.56
218.4	3.91
218.9	4.07
219.7	
220.5	4.25
221.0	4.42
221.5	4.50
222.2	
223.0	4.59
223.5	4.55
224.1	4.45
225.1	4.55
225.4	4.54
225.9	4.65
226.4	4.30
227.0	4.54
228.3	4.32
228.8	4.99
229.3	4.41
229.9	4.58
230.4	4.45
230.9	4.35
231.4	4.01
232.0	4.40
232.5	3.96
233.0	4.13
233.5	3.87
234.1	4.24
234.6	4.01
235.4	
236.2	3.82
236.7	3.72
237.2	3.76
237.8	3.87
238.3	3.63
238.8	
239.1	3.56
239.6	
240.1	3.60
241.5	3.42
242.0	3.75
242.5	4.00
244.1	3.60
246.7	4.63
247.3	4.61
248.3	4.65
248.8	4.62
249.4	4.82
249.9	4.66
250.4	4.77
250.9	4.81
251.7	4.60
252.0	4.86
252.4	4.59
252.8	4.72
253.1	4.44
253.5	4.70
253.9	4.68
254.3	4.46
254.7	4.26
255.0	3.87
255.6	3.79
255.8	4.76
256.2	4.38
256.5	4.66
257.7	4.69
258.1	4.51
258.4	4.57
259.6	4.84
260.0	4.80
260.3	4.34
260.7	4.50
261.1	4.72
261.5	4.89
261.9	4.36
262.6	4.89
263.4	4.78
264.7	4.92
265.1	4.82
265.6	
266.4	4.30
268.1	4.76
268.5	4.10
268.9	
269.2	
270.0	4.50
270.2	4.80
270.8	
271.5	4.06
271.9	
272.1	4.45
272.6	
278.0	4.19
278.1	4.31
278.7	
279.1	4.23
279.5	4.31
279.8	4.30
280.4	
280.8	3.98
281.2	3.62
281.7	4.25
282.3	4.03
282.7	
283.3	4.18
283.6	4.02
284.2	4.26
285.1	4.17
285.5	4.00
286.1	4.04
286.9	4.02
287.2	3.92
287.4	3.87
289.1	4.20
289.3	4.03
290.6	4.15
290.8	4.26
291.2	4.11
292.7	4.28
293.1	4.19
293.7	
294.4	4.47
294.6	
295.0	4.48
296.6	4.11
297.8	4.40
298.3	4.37
299.4	4.42
299.9	4.29
301.1	4.63
301.6	4.15
303.2	4.11
304.9	4.33
306.0	4.24
306.5	4.01
308.1	4.16
308.6	4.54
309.8	3.98
310.3	4.09
311.1	3.96
311.4	3.86
312.6	3.97
313.1	3.69
314.4	3.81
314.7	3.75
316.0	4.02
316.4	3.59
317.7	3.85
318.0	4.10
319.9	
320.4	3.88
322.8	3.08
323.5	
325.2	3.57
325.9	
327.6	3.39
328.3	
330.0	3.32
331.7	
332.4	3.57
333.6	3.46
334.6	4.03
334.8	3.54
335.3	
335.5	4.39
336.5	4.89
337.2	4.67
337.4	4.79
338.2	
338.4	4.78
339.1	4.86
339.4	5.23
339.6	3.93
340.3	5.12
341.3	5.14
342.0	4.77
342.2	5.23
343.0	5.16
343.3	4.71
343.7	5.09
343.9	4.78
344.5	5.03
345.3	4.93
345.9	4.64
346.0	4.77
346.8	4.88
347.2	
347.6	4.97
347.8	4.63
348.4	4.78
349.1	4.80
349.7	4.75
349.9	4.75
350.7	4.74
351.1	4.36
351.4	4.64
351.6	4.43
352.2	4.79
353.0	4.76
353.2	4.18
353.6	4.66
353.8	4.83
354.1	4.73
355.3	4.73
356.7	
357.2	4.70
358.6	
359.2	4.79
360.5	
361.1	4.41
363.2	4.39
365.1	4.24
366.3	3.98
366.9	4.22
368.2	4.04
368.8	4.34
370.7	4.27
370.9	4.38
372.7	4.35
374.6	4.32
376.5	4.22
378.4	4.36
380.4	4.11
381.1	
382.3	3.96
384.2	3.93
384.8	4.24
386.1	3.93
386.7	4.60
388.1	4.05
388.8	
389.6	4.34
390.0	4.19
392.0	4.07
393.4	4.25
394.7	4.04
396.8	3.65
398.5	3.30
398.8	3.61
400.2	3.52
401.5	3.33
402.2	3.23
403.5	3.40
406.9	3.21
410.3	3.18
412.3	3.31
412.7	
413.7	3.34
415.0	3.50
415.4	
417.1	3.26
419.1	3.44
419.4	
420.5	3.78
421.8	4.04
422.5	
423.8	3.88
427.2	4.75
430.6	4.79
432.6	5.21
433.0	
434.0	5.40
434.7	5.10
435.8	5.24
436.8	5.04
437.5	5.22
438.3	5.18
438.6	5.22
439.3	4.89
440.0	5.12
440.7	4.81
441.1	5.15
441.4	5.00
442.2	4.99
442.9	5.03
443.6	5.01
444.3	4.78
444.6	5.01
445.0	4.80
445.7	5.00
446.4	5.04
447.1	4.91
447.8	4.93
448.2	5.01
448.5	4.88
449.2	4.76
450.0	4.79
450.7	4.89
451.4	4.70
451.7	4.84
452.1	4.71
452.8	4.67
453.5	4.70
454.2	4.70
454.9	4.61
455.6	4.60
456.0	4.52
456.3	4.58
457.0	4.52
457.8	4.66
458.5	4.62
459.2	4.60
459.5	4.62
459.9	4.82
460.6	4.78
461.3	4.83
462.0	4.65
462.7	4.61
463.1	4.39
463.4	4.49
464.1	4.72
464.8	4.37
465.2	4.62
466.6	4.74
468.0	4.73
468.4	4.62
468.7	4.53
469.5	4.57
470.2	4.65
470.9	4.65
471.6	4.39
471.9	4.36
472.3	4.48
473.0	4.31
473.5	4.52
473.7	4.46
474.4	4.49
475.1	4.66
475.5	4.49
475.8	4.61
476.5	4.54
477.3	4.36
478.0	4.38
478.7	4.37
479.0	4.36
479.4	4.35
480.1	4.36
480.8	3.96
481.5	4.17
482.2	4.13
482.6	4.04
483.6	4.32
484.3	4.12
485.1	3.99
485.8	3.93
486.1	3.87
486.5	3.91
487.2	4.00
487.9	3.91
488.6	3.90
489.3	3.69
489.7	4.15
490.0	3.60
490.7	3.96
491.4	3.73
491.8	3.81
492.5	3.93
492.7	3.55
493.2	3.82
493.9	3.71
494.6	3.84
494.8	3.46
495.3	4.01
496.0	3.76
496.6	4.55
496.8	3.54
497.5	3.39
498.2	3.37
498.5	4.03
498.9	4.00
499.6	3.67
500.3	3.95
501.0	3.81
501.7	3.74
502.1	3.85
502.4	4.08
503.1	4.13
503.5	3.90
503.8	4.05
504.2	4.00
504.6	3.99
504.9	3.99
505.3	3.92
505.6	3.66
505.6	3.94
506.0	3.67
506.3	4.07
506.7	4.35
507.0	3.98
507.4	4.32
507.7	3.98
509.2	4.26
509.9	4.36
510.6	4.26
510.9	4.23
511.3	4.29
512.0	4.35
513.1	4.30
514.2	4.26
515.3	4.29
515.8	4.23
516.4	3.99
517.5	4.14
518.6	4.19
520.8	4.05
521.3	3.82
521.9	4.04
524.1	4.16
526.0	4.17
526.8	4.12
527.9	4.24
529.0	4.25
529.6	4.19
530.1	4.28
531.2	4.27
532.3	4.27
533.4	4.36
534.5	4.51
535.1	4.47
535.6	4.61
536.7	4.60
537.8	4.66
538.9	4.41
540.0	4.82
540.5	4.59
541.1	4.62
542.2	4.70
543.2	4.70
544.3	4.57
545.4	4.68
545.9	4.42
546.5	4.63
547.6	4.65
548.6	4.55
549.7	4.74
550.8	4.59
551.3	4.53
551.9	4.54
553.0	4.59
554.0	4.61
555.1	4.58
556.2	4.43
556.7	4.50
557.3	4.36
558.4	4.38
558.9	4.44
559.4	4.43
560.5	4.25
561.6	4.25
562.7	4.25
563.2	4.35
567.5	3.93
568.6	4.04
569.7	4.05
570.8	3.96
571.9	3.86
572.9	3.84
573.2	3.71
574.0	3.69
575.1	3.83
575.6	3.69
576.2	3.61
577.3	3.58
578.3	3.68
579.4	4.00
580.5	4.00
581.3	3.90
581.6	3.96
582.7	4.39
583.7	4.38
584.0	4.44
584.7	4.34
585.7	4.40
586.4	4.34
586.6	4.31
587.6	4.47
588.5	4.47
588.8	4.28
589.5	4.18
590.4	4.12
591.2	3.82
591.4	4.02
592.4	4.13
593.3	4.17
593.6	4.06
594.3	4.20
595.2	4.18
595.9	3.92
596.2	4.16
597.1	4.27
598.1	4.11
598.3	4.07
599.0	4.08
600.0	4.34
601.2	4.14
601.6	3.99
603.2	4.15
604.9	4.18
605.3	3.74
606.5	4.14
608.1	3.92
608.9	4.01
610.5	3.74
612.2	3.75
612.6	3.69
613.8	3.78
615.4	3.91
616.6	3.70
617.0	3.56
618.6	4.26
620.3	4.25
620.7	4.00
621.9	4.49
623.5	4.56
623.5	4.95
624.7	4.40
625.1	4.96
626.8	4.85
628.4	5.10
628.8	4.62
630.0	5.14
631.2	4.94
632.0	4.68
632.3	4.90
633.5	4.91
634.6	4.93
634.9	4.76
635.8	5.14
636.9	5.10
637.8	4.71
638.1	4.82
638.6	5.06
639.8	
640.6	4.61
640.9	5.01
642.1	4.94
643.2	4.99
643.5	4.73
644.4	4.65
645.5	4.92
646.4	4.70
646.7	4.84
647.8	4.92
649.0	4.79
649.3	4.49
650.1	4.72
651.3	4.81
651.9	4.77
652.4	4.95
653.6	4.90
654.7	4.77
655.0	4.40
655.9	4.76
657.0	4.82
657.9	4.43
658.2	4.78
659.3	4.81
660.5	4.54
660.8	4.41
661.6	4.67
662.8	4.50
663.6	4.54
663.9	4.75
665.1	4.54
666.2	4.67
666.5	4.47
667.4	4.58
668.5	4.54
669.4	4.28
669.7	4.51
670.8	4.22
672.0	4.53
672.3	4.49
673.1	4.89
674.3	4.58
675.2	4.15
675.4	4.49
676.6	4.38
677.7	4.50
678.0	4.36
678.9	4.30
680.0	4.43
680.6	4.15
681.8	4.20
682.9	4.33
683.8	4.06
684.1	4.08
685.2	4.14
686.4	4.24
686.7	3.84
687.5	4.15
688.7	4.05
689.5	3.84
689.8	4.19
691.0	4.25
692.1	4.11
692.4	3.74
693.3	3.88
694.4	3.98
695.3	3.58
695.6	3.61
696.7	3.70
697.9	3.71
698.2	3.50
699.0	3.65
700.2	3.66
701.0	3.49
701.3	3.83
702.5	3.65
703.6	3.98
704.2	3.71
704.8	3.86
705.9	3.97
706.8	4.25
707.1	3.86
708.2	4.08
709.4	4.23
709.7	3.96
710.5	4.40
711.7	4.46
712.5	4.57
712.8	4.63
714.0	4.77
715.1	4.85
715.4	4.82
716.3	4.82
717.4	4.80
718.0	4.90
718.6	4.81
719.2	5.01
719.8	4.98
720.5	4.89
721.4	4.71
721.7	4.86
722.9	5.02
724.2	4.91
724.5	4.62
725.4	4.88
726.6	4.59
727.5	4.35
727.8	4.29
729.1	4.35
730.3	4.23
730.6	4.27
731.5	4.46
732.8	4.37
733.7	4.07
734.0	4.16
735.2	4.38
736.5	4.31
736.8	4.05
737.7	4.28
738.9	4.42
739.8	4.17
740.2	4.49
741.4	4.38
742.6	4.54
742.9	4.58
743.8	4.69
745.1	4.79
746.0	4.72
746.3	4.67
747.3	4.92
748.3	4.95
748.5	4.71
749.3	4.67
750.3	5.03
751.0	4.68
751.3	4.84
752.3	4.79
756.8	4.60
757.8	4.52
758.5	4.73
758.8	4.53
759.8	4.62
760.8	4.40
761.0	4.52
761.8	4.51
762.8	4.07
763.5	4.29
763.8	4.12
764.8	4.35
765.8	4.43
766.0	4.18
766.8	4.21
767.8	4.07
768.5	4.02
768.8	4.03
769.8	4.26
770.8	4.20
771.0	4.04
771.8	4.05
772.8	3.87
773.5	3.91
773.8	3.96
774.8	4.01
775.8	3.72
776.0	3.64
776.8	4.06
777.8	3.80
778.5	3.67
778.8	3.76
779.8	3.61
780.8	3.53
781.0	3.55
781.8	3.68
782.8	3.93
783.5	3.50
783.8	3.57
784.8	3.55
785.8	3.69
786.0	3.71
786.8	3.87
787.8	3.95
788.5	4.19
788.8	4.44
789.8	4.43
790.8	4.46
791.0	4.69
791.8	4.65
792.8	4.81
793.5	4.74
793.8	4.89
794.3	4.96
795.3	4.97
796.0	4.81
796.2	5.05
797.1	4.89
798.0	4.67
798.3	4.68
798.9	4.92
799.8	4.89
800.5	4.64
801.6	4.66
802.5	4.70
802.8	4.67
803.4	4.69
804.3	4.73
805.0	4.60
805.2	4.63
806.1	4.53
807.0	4.59
807.3	4.68
807.9	4.44
808.8	4.69
809.5	4.54
809.7	4.59
810.6	4.49
811.5	4.58
811.8	4.39
812.4	4.42
813.3	4.44
814.0	4.62
814.2	4.41
815.1	4.35
816.0	4.33
816.3	4.06
816.9	4.25
817.8	4.36
818.5	4.29
818.7	4.28
819.6	4.42
820.5	4.29
820.8	4.24
821.4	4.23
822.3	4.03
823.0	4.18
823.2	4.17
824.1	4.10
825.0	4.07
825.3	4.05
825.9	4.12
826.8	4.00
827.5	3.88
827.7	4.08
828.2	4.07
829.1	4.19
829.8	4.05
830.0	4.30
830.9	4.24
831.8	4.40
832.0	4.22
833.1	4.30
834.6	4.09
835.7	3.92
836.0	4.07
837.5	3.97
839.0	3.89
839.3	4.06
840.4	4.10
841.9	4.01
843.4	3.66
844.8	4.13
846.3	3.89
846.7	3.64
847.8	3.73
849.2	3.93
850.7	3.62
852.2	3.75
853.6	3.73
854.0	3.42
855.1	3.91
856.5	3.97
856.9	3.97
858.0	4.14
858.7	3.72
859.5	3.99
860.6	3.61
860.9	3.98
861.3	3.50
862.4	3.93
863.9	4.00
864.2	3.95
865.3	3.85
866.1	4.11
866.8	4.10
867.9	4.08
868.3	4.10
869.7	4.58
870.8	4.71
871.6	4.71
872.7	5.03
873.4	4.91
874.1	4.76
875.2	4.95
875.6	5.04
877.1	5.00
878.5	4.90
878.9	4.90
880.0	5.01
880.5	5.11
881.5	5.00
881.7	4.94
882.4	4.99
882.9	4.76
883.4	4.78
884.1	4.87
884.4	4.80
885.4	4.75
886.3	4.80
886.6	4.79
887.3	4.75
887.8	4.92
888.3	4.92
889.0	4.96
889.3	4.69
890.2	4.80
891.2	4.76
891.5	4.86
892.2	4.74
892.7	4.88
893.2	4.78
893.9	4.70
894.1	4.77
895.1	4.65
896.1	4.77
896.3	4.83
897.1	4.70
897.6	4.63
898.8	4.72
899.0	4.94
900.0	4.62
901.0	4.80
901.2	3.98
902.0	4.70
902.4	4.56
902.9	4.80
903.7	4.37
903.9	4.33
904.9	4.60
905.9	4.37
906.1	4.25
906.8	4.38
907.3	4.37
907.8	4.69
908.5	4.22
908.8	4.32
909.8	4.48
910.7	4.40
911.0	4.19
911.7	4.58
912.2	4.40
912.7	4.21
913.4	4.27
913.7	4.52
914.6	4.72
915.6	4.68
915.9	4.34
916.6	4.63
917.1	4.59
918.3	4.40
919.0	4.71
919.5	4.68
920.0	4.75
920.8	4.61
921.1	4.61
922.2	4.69
923.3	4.45
923.6	4.55
924.4	4.82
925.0	4.28
925.5	4.72
926.3	4.52
926.6	4.48
927.7	4.51
930.5	4.09
931.8	4.23
933.2	4.16
934.6	3.91
936.0	4.12
937.3	4.00
938.7	4.03
940.4	4.08
941.5	3.94
942.0	3.98
942.3	3.98
944.8	3.99
947.5	3.65
950.3	3.62
952.2	3.54
952.7	3.41
953.0	3.55
954.1	3.47
955.2	3.44
955.5	3.61
957.7	3.79
958.2	3.34
958.8	3.70
959.9	4.07
961.0	4.38
961.0	3.86
961.3	4.22
962.1	4.39
963.2	4.62
964.0	4.33
964.3	4.77
965.4	4.64
966.5	4.65
966.8	4.38
967.6	4.69
968.7	4.49
969.2	4.43
969.8	4.51
970.9	4.44
972.0	4.30
972.3	4.34
975.0	3.74
977.8	3.91
980.5	3.83
983.0	4.26
986.0	4.22
988.2	4.08
990.5	4.12
992.5	4.00
994.5	3.97
995.2	3.97
996.1	3.98
996.7	3.94
997.0	3.98
997.8	3.80
998.7	4.07
999.2	3.81
999.6	4.10
1000.5	4.01
1001.4	4.08
1001.6	4.09
1002.3	4.27
1003.2	4.29
1003.9	4.46
1004.1	4.31
1005.0	4.30
1005.0	4.76
1005.7	4.42
1006.5	4.41
1006.7	4.40
1007.2	4.60
1008.0	4.31
1008.5	4.35
1008.7	4.46
1008.7	4.46
1009.4	4.47
1009.6	4.32
1010.2	4.42
1010.9	4.33
1011.5	4.20
1011.7	4.30
1011.7	4.28
1012.4	4.46
1013.1	4.32
1013.3	4.26
1013.9	4.24
1013.9	4.38
1014.6	3.91
1015.0	3.50
1015.3	4.01
1016.1	4.01
1016.8	4.23
1017.0	3.99
1017.6	4.35
1018.3	4.02
1018.9	3.92
1019.0	4.13
1019.0	3.90
1019.8	3.86
1020.5	4.05
1020.7	3.86
1021.3	3.95
1022.0	3.79
1022.8	3.66
1023.6	3.80
1025.2	4.00
1026.4	3.81
1026.8	3.83
1026.8	3.90
1028.4	4.07
1028.4	
1030.0	4.17
1030.0	3.82
1030.4	4.22
1031.6	4.02
1033.2	4.44
1034.8	4.43
1036.4	4.55
1038.0	4.54
1038.6	4.40
1039.1	4.21
1040.3	4.35
1041.4	4.46
1041.7	4.37
1042.5	4.44
1043.7	4.53
1043.9	4.28
1044.8	4.30
1045.9	4.46
1047.1	4.36
1047.3	4.20
1048.2	4.36
1049.3	4.41
1050.2	4.27
1050.5	4.30
1051.6	4.37
1052.4	4.19
1052.7	4.43
1053.8	4.22
1053.8	4.19
1055.0	4.17
1055.8	4.14
1056.1	4.19
1056.1	4.06
1057.2	4.27
1058.4	4.08
1058.4	
1058.4	4.18
1059.5	4.21
1060.6	4.48
1061.5	4.23
1061.8	4.18
1061.8	4.13
1062.9	3.92
1064.0	3.91
1064.3	3.60
1065.2	4.16
1066.3	4.02
1067.2	3.72
1067.4	4.02
1067.4	3.81
1068.0	3.60
1068.6	3.77
1068.6	3.67
1069.7	3.41
1069.7	3.56
1070.0	3.36
1070.8	3.58
1072.0	3.37
1072.5	3.37
1073.1	3.29
1074.2	3.34
1075.6	3.58
1076.5	3.34
1077.6	3.40
1078.5	3.45
1078.8	3.10
1078.8	3.28
1079.9	3.37
1081.0	3.30
1081.3	3.32
1082.2	3.43
1082.2	3.40
1083.3	3.57
1084.1	3.46
1084.4	3.69
1084.4	3.62
1085.5	3.75
1086.7	
1087.0	4.05
1087.8	3.93
1088.9	4.24
1089.8	3.88
1090.1	4.22
1091.2	4.39
1092.3	4.29
1092.6	4.16
1093.5	4.26
1094.6	4.35
1094.6	4.41
1094.9	3.82
1095.7	4.31
1095.7	4.04
1096.9	4.53
1098.0	4.63
1098.3	4.24
1099.0	4.49
1100.0	4.06
1100.8	4.12
1101.0	4.19
1102.0	4.37
1103.0	4.26
1103.3	4.02
1104.0	4.03
1104.0	4.01
1105.0	4.07
1105.8	3.89
1106.0	3.88
1107.0	3.94
1108.0	3.73
1108.6	3.91
1112.8	3.94
1114.6	4.24
1115.2	4.00
1117.6	4.33
1120.0	4.40
1120.6	4.40
1122.4	4.59
1122.4	4.27
1124.8	4.34
1126.0	4.59
1130.2	4.36
1131.2	4.65
1131.7	4.35
1132.3	4.37
1133.3	4.22
1134.1	4.40
1134.3	4.46
1135.4	4.69
1136.4	
1136.7	4.34
1137.5	4.19
1138.5	4.47
1139.3	4.25
1139.5	4.12
1140.6	4.32
1141.6	4.25
1142.7	4.40
1143.7	4.16
1144.8	
1145.8	4.11
1146.8	3.91
1147.9	3.87
1148.9	4.10
1150.0	3.85
1151.0	3.87
1152.1	3.79
1153.1	3.91
1154.1	4.11
1155.2	4.13
1156.2	3.90
1157.3	4.04
1158.3	4.09
1159.4	3.78
1160.4	3.81
1161.4	3.78
1162.5	3.92
1163.5	4.47
1164.6	4.05
1165.6	3.82
1165.6	3.80
1166.6	3.68
1167.7	3.65
1168.7	3.76
1169.8	3.57
1170.8	3.66
1171.9	4.11
1172.9	4.29
1173.2	4.08
1173.4	4.40
1173.9	4.11
1174.5	4.12
1175.0	3.76
1175.8	4.19
1176.0	3.73
1177.1	3.81
1177.9	3.56
1178.1	3.82
1180.5	3.69
1183.1	3.68
1184.4	3.68
1188.1	3.88
1190.0	4.18
1191.8	4.44
1193.7	4.40
1195.6	4.47
1197.5	4.51
1199.4	4.51
1201.3	4.52
1203.1	4.43
1205.0	4.44
1206.9	4.45
1208.8	4.21
1210.7	4.18
1212.6	4.24
1214.4	4.13
1216.3	4.15
1218.2	4.05
1220.1	3.91
1222.0	3.79
1223.9	3.54
1225.8	3.67
1227.6	3.63
1229.5	3.67
1231.4	3.70
1233.3	3.56
1235.2	3.49
1237.1	3.65
1238.9	3.54
1240.8	3.87
1242.7	3.88
1244.5	4.48
1246.1	4.81
1247.8	4.53
1249.4	4.58
1251.0	4.58
1252.7	4.72
1254.3	4.58
1255.9	4.53
1257.6	4.36
1259.2	4.17
1260.7	4.18
1262.1	4.34
1263.6	4.29
1265.0	4.30
1266.5	4.27
1267.9	4.21
1269.3	4.19
1270.8	4.16
1272.2	4.11
1273.7	4.01
1275.1	4.09
1276.6	3.95
1278.0	4.05
1279.5	3.84
1280.9	3.93
1282.4	3.82
1283.8	4.06
1285.2	4.05
1287.1	4.46
1289.1	4.44
1291.0	4.48
1293.0	4.58
1294.9	4.40
1296.9	4.45
1296.9	4.30
1298.8	4.34
1300.8	4.35
1302.7	4.26
1304.7	4.07
1307.1	3.97
1309.6	3.95
1312.0	3.86
1314.5	3.88
1317.0	3.73
1319.3	4.03
1321.2	4.03
1323.1	4.18
1325.0	4.33
1326.9	4.32
1328.8	4.38
1330.7	4.34
1332.6	4.30
1334.5	4.39
1336.4	4.37
1338.3	4.25
1340.2	4.25
1342.2	4.30
1344.1	4.12
1346.0	4.28
1347.9	3.89
1350.0	3.80
1352.1	
1354.2	3.60
1356.4	3.98
1358.5	3.48
1360.6	3.90
1364.9	3.84
1367.0	3.99
1369.1	4.11
1371.2	3.88
1373.4	3.93
1375.5	4.01
1377.6	3.75
1379.9	4.04
1382.1	4.16
1384.4	4.01
1386.6	4.15
1388.9	
1391.1	4.06
1393.4	3.84
1395.6	3.69
1397.9	3.66
1400.2	3.57
1402.4	3.68
1404.7	4.01
1406.7	4.25
1408.2	4.31
1409.6	4.39
1411.1	4.37
1412.6	4.41
1414.1	4.34
1415.6	4.24
1417.1	4.24
1418.6	4.18
1420.1	4.22
1421.5	4.19
1423.0	4.57
1424.5	4.16
1426.0	4.32
1428.1	4.39
1430.1	3.57
1432.1	3.78
1434.1	3.49
1436.2	3.54
1438.2	4.13
1440.2	3.41
1442.2	3.56
1444.2	3.78
1446.3	3.64
1448.3	3.54
1450.3	3.93
1452.2	4.11
1453.9	4.37
1455.5	4.45
1457.1	4.47
1458.7	4.57
1460.3	4.47
1461.9	4.37
1463.6	4.25
1465.2	4.19
1466.8	3.99
1468.4	4.06
1470.0	3.88
1471.6	3.92
1473.2	3.54
1474.9	3.66
1476.5	3.53
1478.1	3.55
1479.7	3.38
1481.3	3.53
1482.9	3.51
1484.6	3.52
1486.2	3.55
1487.8	3.93
1489.4	3.90
1491.0	4.27
1492.6	4.16
1494.3	4.52
1495.9	4.45
1497.5	4.40
1499.1	4.41
1500.7	4.18
1502.3	3.94
1504.0	4.05
1505.6	4.07
1507.2	4.33
1508.8	4.10
1510.4	4.12
1512.0	4.31
1513.7	3.92
1515.3	3.95
1516.9	4.18
1518.5	3.99
1520.1	4.15
1521.7	4.18
1523.3	4.30
1525.0	4.18
1526.6	4.20
1528.2	4.24
1529.8	4.29
1531.4	4.06
1533.0	3.94
1534.7	4.26
1536.3	3.97
1537.9	4.14
1539.5	4.11
1541.1	3.79
1542.7	4.14
1544.4	4.26
1546.0	4.36

