Age	d18OT	sigma
0.000	3.18	0.06
0.001	3.25	0.05
0.002	3.22	0.03
0.003	3.20	0.03
0.004	3.22	0.04
0.005	3.22	0.06
0.006	3.23	0.06
0.007	3.21	0.06
0.008	3.23	0.07
0.009	3.26	0.08
0.010	3.35	0.10
0.011	3.40	0.10
0.012	3.52	0.09
0.013	3.63	0.10
0.014	3.70	0.09
0.015	3.80	0.11
0.016	3.88	0.14
0.017	3.92	0.16
0.018	3.95	0.15
0.019	4.00	0.15
0.020	4.00	0.13
0.021	3.97	0.14
0.022	3.98	0.15
0.023	4.01	0.15
0.024	4.01	0.13
0.025	4.01	0.12
0.026	4.03	0.13
0.027	4.04	0.14
0.028	3.99	0.13
0.029	3.96	0.08
0.030	4.00	0.09
0.031	4.00	0.09
0.032	3.94	0.08
0.033	3.96	0.09
0.034	3.96	0.08
0.035	3.94	0.07
0.036	3.98	0.07
0.037	4.00	0.08
0.038	3.99	0.09
0.039	4.01	0.10
0.040	3.98	0.08
0.041	3.98	0.08
0.042	3.97	0.07
0.043	3.93	0.07
0.044	3.94	0.06
0.045	3.93	0.07
0.046	3.96	0.08
0.047	3.97	0.06
0.048	3.95	0.07
0.049	3.90	0.06
0.050	3.89	0.07
0.051	3.86	0.07
0.052	3.87	0.07
0.053	3.89	0.07
0.054	3.87	0.08
0.055	3.87	0.08
0.056	3.86	0.07
0.057	3.88	0.08
0.058	3.92	0.08
0.059	3.93	0.07
0.060	3.96	0.08
0.061	3.95	0.08
0.062	3.97	0.07
0.063	4.00	0.11
0.064	3.97	0.10
0.065	3.96	0.12
0.066	3.97	0.12
0.067	3.93	0.10
0.068	3.90	0.09
0.069	3.88	0.08
0.070	3.84	0.09
0.071	3.81	0.10
0.072	3.79	0.10
0.073	3.71	0.09
0.074	3.68	0.09
0.075	3.63	0.09
0.076	3.62	0.09
0.077	3.62	0.08
0.078	3.62	0.09
0.079	3.57	0.08
0.080	3.50	0.07
0.081	3.48	0.07
0.082	3.48	0.08
0.083	3.48	0.07
0.084	3.50	0.09
0.085	3.53	0.09
0.086	3.53	0.09
0.087	3.57	0.09
0.088	3.56	0.09
0.089	3.55	0.10
0.090	3.51	0.10
0.091	3.50	0.10
0.092	3.48	0.10
0.093	3.46	0.10
0.094	3.45	0.10
0.095	3.43	0.10
0.096	3.40	0.10
0.097	3.38	0.12
0.098	3.36	0.09
0.099	3.37	0.10
0.100	3.33	0.11
0.101	3.34	0.11
0.102	3.34	0.11
0.103	3.33	0.10
0.104	3.31	0.09
0.105	3.34	0.09
0.106	3.39	0.10
0.107	3.44	0.10
0.108	3.46	0.09
0.109	3.44	0.08
0.110	3.46	0.09
0.111	3.45	0.10
0.112	3.39	0.09
0.113	3.39	0.10
0.114	3.38	0.11
0.115	3.38	0.12
0.116	3.35	0.12
0.117	3.30	0.10
0.118	3.25	0.10
0.119	3.23	0.09
0.120	3.18	0.07
0.121	3.13	0.08
0.122	3.10	0.07
0.123	3.08	0.08
0.124	3.05	0.08
0.125	3.05	0.08
0.126	3.05	0.11
0.127	3.05	0.11
0.128	3.10	0.12
0.129	3.15	0.17
0.130	3.28	0.17
0.131	3.47	0.15
0.132	3.52	0.15
0.133	3.60	0.16
0.134	3.65	0.15
0.135	3.70	0.14
0.136	3.71	0.11
0.137	3.74	0.11
0.138	3.77	0.10
0.139	3.80	0.09
0.140	3.79	0.10
0.141	3.79	0.10
0.142	3.81	0.13
0.143	3.81	0.15
0.144	3.84	0.16
0.145	3.82	0.13
0.146	3.79	0.11
0.147	3.81	0.12
0.148	3.82	0.10
0.149	3.82	0.09
0.150	3.84	0.11
0.151	3.82	0.10
0.152	3.80	0.09
0.153	3.83	0.13
0.154	3.91	0.14
0.155	3.94	0.14
0.156	3.93	0.14
0.157	3.98	0.14
0.158	3.96	0.14
0.159	3.94	0.12
0.160	3.86	0.11
0.161	3.81	0.11
0.162	3.86	0.10
0.163	3.85	0.09
0.164	3.83	0.08
0.165	3.83	0.10
0.166	3.84	0.12
0.167	3.87	0.11
0.168	3.90	0.11
0.169	3.81	0.10
0.170	3.79	0.08
0.171	3.77	0.07
0.172	3.80	0.10
0.173	3.79	0.10
0.174	3.80	0.11
0.175	3.81	0.14
0.176	3.77	0.15
0.177	3.78	0.16
0.178	3.79	0.14
0.179	3.75	0.11
0.180	3.74	0.10
0.181	3.78	0.10
0.182	3.81	0.11
0.183	3.79	0.10
0.184	3.75	0.10
0.185	3.73	0.10
0.186	3.73	0.10
0.187	3.71	0.09
0.188	3.68	0.09
0.189	3.67	0.08
0.190	3.66	0.09
0.191	3.62	0.08
0.192	3.56	0.10
0.193	3.59	0.11
0.194	3.59	0.11
0.195	3.58	0.10
0.196	3.56	0.10
0.197	3.53	0.10
0.198	3.48	0.09
0.199	3.46	0.09
0.200	3.45	0.09
0.201	3.43	0.09
0.202	3.41	0.08
0.203	3.39	0.08
0.204	3.40	0.09
0.205	3.41	0.08
0.206	3.41	0.09
0.207	3.40	0.09
0.208	3.37	0.09
0.209	3.37	0.10
0.210	3.37	0.11
0.211	3.36	0.11
0.212	3.35	0.12
0.213	3.33	0.13
0.214	3.36	0.12
0.215	3.37	0.11
0.216	3.37	0.11
0.217	3.41	0.11
0.218	3.46	0.10
0.219	3.55	0.10
0.220	3.60	0.10
0.221	3.62	0.10
0.222	3.66	0.10
0.223	3.68	0.10
0.224	3.67	0.10
0.225	3.67	0.10
0.226	3.67	0.10
0.227	3.66	0.11
0.228	3.66	0.11
0.229	3.66	0.11
0.230	3.65	0.11
0.231	3.62	0.10
0.232	3.58	0.11
0.233	3.58	0.12
0.234	3.57	0.12
0.235	3.55	0.12
0.236	3.51	0.12
0.237	3.45	0.12
0.238	3.42	0.13
0.239	3.38	0.13
0.240	3.37	0.13
0.241	3.39	0.12
0.242	3.45	0.13
0.243	3.51	0.12
0.244	3.54	0.12
0.245	3.53	0.13
0.246	3.62	0.11
0.247	3.68	0.11
0.248	3.73	0.10
0.249	3.77	0.10
0.250	3.79	0.09
0.251	3.82	0.10
0.252	3.80	0.09
0.253	3.83	0.10
0.254	3.84	0.10
0.255	3.83	0.10
0.256	3.83	0.10
0.257	3.82	0.10
0.258	3.82	0.09
0.259	3.82	0.09
0.260	3.84	0.09
0.261	3.85	0.09
0.262	3.89	0.11
0.263	3.85	0.10
0.264	3.88	0.11
0.265	3.88	0.11
0.266	3.88	0.11
0.267	3.91	0.12
0.268	3.94	0.13
0.269	3.98	0.13
0.270	3.94	0.13
0.271	3.91	0.14
0.272	3.90	0.14
0.273	3.95	0.15
0.274	3.92	0.14
0.275	3.89	0.14
0.276	3.89	0.14
0.277	3.85	0.14
0.278	3.82	0.13
0.279	3.81	0.13
0.280	3.78	0.13
0.281	3.78	0.13
0.282	3.73	0.12
0.283	3.67	0.12
0.284	3.63	0.12
0.285	3.60	0.12
0.286	3.59	0.11
0.287	3.60	0.11
0.288	3.64	0.10
0.289	3.63	0.10
0.290	3.65	0.10
0.291	3.67	0.09
0.292	3.70	0.10
0.293	3.77	0.10
0.294	3.77	0.09
0.295	3.76	0.10
0.296	3.72	0.11
0.297	3.73	0.09
0.298	3.71	0.10
0.299	3.71	0.11
0.300	3.72	0.11
0.301	3.69	0.10
0.302	3.67	0.10
0.303	3.65	0.10
0.304	3.63	0.10
0.305	3.62	0.10
0.306	3.61	0.10
0.307	3.61	0.10
0.308	3.56	0.09
0.309	3.53	0.10
0.310	3.52	0.10
0.311	3.49	0.09
0.312	3.48	0.09
0.313	3.44	0.10
0.314	3.45	0.09
0.315	3.49	0.09
0.316	3.49	0.09
0.317	3.49	0.09
0.318	3.50	0.09
0.319	3.46	0.09
0.320	3.41	0.10
0.321	3.38	0.10
0.322	3.35	0.10
0.323	3.34	0.09
0.324	3.32	0.10
0.325	3.29	0.10
0.326	3.26	0.11
0.327	3.26	0.11
0.328	3.23	0.11
0.329	3.20	0.11
0.330	3.21	0.11
0.331	3.20	0.11
0.332	3.22	0.12
0.333	3.30	0.11
0.334	3.34	0.12
0.335	3.43	0.12
0.336	3.49	0.12
0.337	3.60	0.13
0.338	3.62	0.14
0.339	3.70	0.14
0.340	3.74	0.16
0.341	3.83	0.15
0.342	3.87	0.16
0.343	3.85	0.15
0.344	3.87	0.15
0.345	3.91	0.14
0.346	3.93	0.14
0.347	3.93	0.13
0.348	3.92	0.11
0.349	3.90	0.10
0.350	3.92	0.09
0.351	3.94	0.11
0.352	3.92	0.11
0.353	3.90	0.12
0.354	3.93	0.13
0.355	3.97	0.13
0.356	3.94	0.14
0.357	3.95	0.13
0.358	3.91	0.12
0.359	3.91	0.12
0.360	3.87	0.12
0.361	3.93	0.11
0.362	3.99	0.13
0.363	3.99	0.13
0.364	3.96	0.13
0.365	3.98	0.12
0.366	3.96	0.12
0.367	3.96	0.12
0.368	3.96	0.13
0.369	3.92	0.12
0.370	3.91	0.12
0.371	3.89	0.11
0.372	3.90	0.10
0.373	3.95	0.12
0.374	3.92	0.12
0.375	3.90	0.12
0.376	3.87	0.12
0.377	3.83	0.12
0.378	3.80	0.11
0.379	3.75	0.11
0.380	3.73	0.11
0.381	3.71	0.10
0.382	3.71	0.10
0.383	3.68	0.10
0.384	3.67	0.11
0.385	3.70	0.13
0.386	3.72	0.15
0.387	3.59	0.10
0.388	3.62	0.11
0.389	3.61	0.10
0.390	3.58	0.11
0.391	3.54	0.12
0.392	3.48	0.13
0.393	3.50	0.13
0.394	3.50	0.12
0.395	3.48	0.11
0.396	3.51	0.12
0.397	3.41	0.13
0.398	3.43	0.13
0.399	3.38	0.13
0.400	3.32	0.14
0.401	3.27	0.14
0.402	3.20	0.15
0.403	3.11	0.17
0.404	3.05	0.19
0.405	3.12	0.15
0.406	3.14	0.13
0.407	3.13	0.12
0.408	3.14	0.11
0.409	3.11	0.12
0.410	3.15	0.10
0.411	3.21	0.09
0.412	3.21	0.10
0.413	3.17	0.12
0.414	3.23	0.10
0.415	3.20	0.13
0.416	3.23	0.13
0.417	3.38	0.12
0.418	3.42	0.13
0.419	3.47	0.14
0.420	3.57	0.15
0.421	3.65	0.16
0.422	3.71	0.16
0.423	3.75	0.16
0.424	3.81	0.17
0.425	3.84	0.17
0.426	3.87	0.17
0.427	3.90	0.17
0.428	3.93	0.17
0.429	3.90	0.16
0.430	3.90	0.15
0.431	3.96	0.15
0.432	3.98	0.16
0.433	4.00	0.16
0.434	4.01	0.15
0.435	4.03	0.15
0.436	3.99	0.15
0.437	4.04	0.14
0.438	4.06	0.14
0.439	4.06	0.14
0.440	4.04	0.14
0.441	4.04	0.14
0.442	4.03	0.14
0.443	4.05	0.14
0.444	4.06	0.14
0.445	4.05	0.14
0.446	4.07	0.14
0.447	4.08	0.14
0.448	4.07	0.14
0.449	4.05	0.14
0.450	4.04	0.14
0.451	4.02	0.13
0.452	4.04	0.13
0.453	4.08	0.13
0.454	4.09	0.13
0.455	4.09	0.12
0.456	4.11	0.12
0.457	4.12	0.13
0.458	4.09	0.11
0.459	4.10	0.12
0.460	4.14	0.12
0.461	4.17	0.13
0.462	4.17	0.12
0.463	4.16	0.12
0.464	4.13	0.12
0.465	4.12	0.13
0.466	4.13	0.13
0.467	4.12	0.13
0.468	4.10	0.13
0.469	4.08	0.13
0.470	4.05	0.13
0.471	4.08	0.14
0.472	4.01	0.13
0.473	3.98	0.13
0.474	3.94	0.13
0.475	3.91	0.13
0.476	3.90	0.13
0.477	3.88	0.14
0.478	3.86	0.14
0.479	3.82	0.15
0.480	3.80	0.14
0.481	3.81	0.13
0.482	3.77	0.13
0.483	3.70	0.14
0.484	3.71	0.13
0.485	3.72	0.13
0.486	3.73	0.13
0.487	3.72	0.13
0.488	3.70	0.13
0.489	3.65	0.13
0.490	3.59	0.13
0.491	3.57	0.13
0.492	3.57	0.13
0.493	3.57	0.13
0.494	3.55	0.13
0.495	3.56	0.13
0.496	3.54	0.14
0.497	3.52	0.13
0.498	3.52	0.11
0.499	3.51	0.11
0.500	3.52	0.11
0.501	3.54	0.11
0.502	3.55	0.11
0.503	3.56	0.11
0.504	3.57	0.10
0.505	3.59	0.11
0.506	3.61	0.11
0.507	3.63	0.12
0.508	3.65	0.12
0.509	3.70	0.13
0.510	3.67	0.15
0.511	3.67	0.15
0.512	3.68	0.15
0.513	3.69	0.15
0.514	3.70	0.16
0.515	3.71	0.16
0.516	3.72	0.15
0.517	3.69	0.16
0.518	3.71	0.16
0.519	3.70	0.16
0.520	3.70	0.16
0.521	3.71	0.16
0.522	3.70	0.16
0.523	3.68	0.15
0.524	3.69	0.16
0.525	3.70	0.16
0.526	3.70	0.17
0.527	3.72	0.16
0.528	3.74	0.16
0.529	3.72	0.16
0.530	3.76	0.15
0.531	3.77	0.14
0.532	3.77	0.13
0.533	3.81	0.13
0.534	3.84	0.13
0.535	3.86	0.12
0.536	3.87	0.12
0.537	3.88	0.13
0.538	3.89	0.13
0.539	3.91	0.14
0.540	3.91	0.15
0.541	3.93	0.14
0.542	3.94	0.14
0.543	3.88	0.14
0.544	3.90	0.14
0.545	3.86	0.13
0.546	3.83	0.13
0.547	3.82	0.13
0.548	3.81	0.12
0.549	3.81	0.12
0.550	3.80	0.12
0.551	3.80	0.12
0.552	3.79	0.12
0.553	3.76	0.11
0.554	3.72	0.11
0.555	3.74	0.11
0.556	3.74	0.11
0.557	3.75	0.11
0.558	3.70	0.11
0.559	3.71	0.11
0.560	3.67	0.11
0.561	3.67	0.11
0.562	3.65	0.11
0.563	3.63	0.11
0.564	3.60	0.11
0.565	3.56	0.11
0.566	3.54	0.11
0.567	3.51	0.11
0.568	3.50	0.11
0.569	3.52	0.10
0.570	3.52	0.10
0.571	3.53	0.10
0.572	3.52	0.10
0.573	3.47	0.10
0.574	3.45	0.10
0.575	3.43	0.10
0.576	3.42	0.10
0.577	3.43	0.10
0.578	3.45	0.10
0.579	3.46	0.10
0.580	3.49	0.11
0.581	3.53	0.12
0.582	3.53	0.12
0.583	3.53	0.12
0.584	3.49	0.11
0.585	3.49	0.12
0.586	3.49	0.12
0.587	3.51	0.12
0.588	3.51	0.13
0.589	3.50	0.13
0.590	3.47	0.13
0.591	3.48	0.13
0.592	3.53	0.15
0.593	3.51	0.13
0.594	3.48	0.12
0.595	3.44	0.11
0.596	3.41	0.11
0.597	3.41	0.10
0.598	3.42	0.11
0.599	3.42	0.11
0.600	3.42	0.11
0.601	3.37	0.11
0.602	3.37	0.11
0.603	3.35	0.11
0.604	3.34	0.11
0.605	3.33	0.11
0.606	3.32	0.11
0.607	3.32	0.11
0.608	3.35	0.11
0.609	3.37	0.11
0.610	3.37	0.11
0.611	3.39	0.11
0.612	3.40	0.11
0.613	3.40	0.11
0.614	3.42	0.12
0.615	3.45	0.12
0.616	3.49	0.14
0.617	3.51	0.13
0.618	3.50	0.12
0.619	3.52	0.12
0.620	3.54	0.13
0.621	3.56	0.13
0.622	3.60	0.13
0.623	3.63	0.13
0.624	3.68	0.13
0.625	3.72	0.14
0.626	3.74	0.15
0.627	3.76	0.15
0.628	3.78	0.15
0.629	3.80	0.15
0.630	3.81	0.14
0.631	3.81	0.13
0.632	3.81	0.13
0.633	3.80	0.13
0.634	3.80	0.13
0.635	3.80	0.13
0.636	3.79	0.13
0.637	3.81	0.13
0.638	3.77	0.13
0.639	3.77	0.13
0.640	3.76	0.14
0.641	3.75	0.14
0.642	3.75	0.15
0.643	3.72	0.15
0.644	3.72	0.16
0.645	3.66	0.15
0.646	3.70	0.14
0.647	3.70	0.13
0.648	3.70	0.13
0.649	3.71	0.13
0.650	3.72	0.13
0.651	3.71	0.12
0.652	3.77	0.12
0.653	3.74	0.12
0.654	3.72	0.12
0.655	3.72	0.12
0.656	3.69	0.12
0.657	3.69	0.12
0.658	3.71	0.12
0.659	3.72	0.12
0.660	3.72	0.12
0.661	3.73	0.12
0.662	3.73	0.12
0.663	3.74	0.12
0.664	3.73	0.12
0.665	3.72	0.11
0.666	3.71	0.12
0.667	3.73	0.12
0.668	3.73	0.13
0.669	3.75	0.13
0.670	3.75	0.14
0.671	3.75	0.14
0.672	3.75	0.14
0.673	3.77	0.14
0.674	3.75	0.13
0.675	3.72	0.13
0.676	3.73	0.12
0.677	3.70	0.12
0.678	3.68	0.12
0.679	3.67	0.12
0.680	3.67	0.12
0.681	3.65	0.12
0.682	3.63	0.12
0.683	3.59	0.12
0.684	3.59	0.12
0.685	3.61	0.12
0.686	3.61	0.13
0.687	3.55	0.12
0.688	3.49	0.12
0.689	3.39	0.12
0.690	3.39	0.12
0.691	3.41	0.12
0.692	3.41	0.12
0.693	3.37	0.12
0.694	3.47	0.15
0.695	3.47	0.16
0.696	3.47	0.15
0.697	3.46	0.14
0.698	3.42	0.14
0.699	3.40	0.13
0.700	3.38	0.13
0.701	3.39	0.13
0.702	3.38	0.13
0.703	3.42	0.14
0.704	3.39	0.13
0.705	3.37	0.12
0.706	3.36	0.11
0.707	3.38	0.10
0.708	3.43	0.11
0.709	3.45	0.12
0.710	3.49	0.12
0.711	3.52	0.13
0.712	3.59	0.14
0.713	3.61	0.13
0.714	3.63	0.12
0.715	3.73	0.12
0.716	3.72	0.12
0.717	3.73	0.12
0.718	3.73	0.12
0.719	3.74	0.12
0.720	3.73	0.11
0.721	3.72	0.11
0.722	3.71	0.11
0.723	3.69	0.11
0.724	3.68	0.11
0.725	3.67	0.12
0.726	3.68	0.12
0.727	3.69	0.12
0.728	3.68	0.13
0.729	3.67	0.13
0.730	3.65	0.13
0.731	3.62	0.13
0.732	3.61	0.13
0.733	3.62	0.12
0.734	3.61	0.13
0.735	3.60	0.13
0.736	3.57	0.13
0.737	3.56	0.13
0.738	3.55	0.12
0.739	3.55	0.12
0.740	3.56	0.12
0.741	3.58	0.11
0.742	3.60	0.11
0.743	3.61	0.11
0.744	3.62	0.11
0.745	3.64	0.12
0.746	3.67	0.11
0.747	3.68	0.10
0.748	3.67	0.09
0.749	3.64	0.09
0.750	3.62	0.08
0.751	3.61	0.08
0.752	3.62	0.07
0.753	3.62	0.08
0.754	3.62	0.08
0.755	3.63	0.09
0.756	3.60	0.08
0.757	3.63	0.09
0.758	3.62	0.10
0.759	3.65	0.11
0.760	3.61	0.10
0.761	3.58	0.09
0.762	3.54	0.09
0.763	3.55	0.10
0.764	3.53	0.09
0.765	3.55	0.09
0.766	3.54	0.09
0.767	3.54	0.10
0.768	3.54	0.10
0.769	3.55	0.10
0.770	3.56	0.10
0.771	3.56	0.11
0.772	3.54	0.11
0.773	3.53	0.12
0.774	3.51	0.12
0.775	3.48	0.11
0.776	3.45	0.11
0.777	3.43	0.10
0.778	3.39	0.10
0.779	3.42	0.10
0.780	3.39	0.10
0.781	3.36	0.09
0.782	3.34	0.08
0.783	3.33	0.08
0.784	3.34	0.08
0.785	3.38	0.08
0.786	3.42	0.09
0.787	3.45	0.09
0.788	3.48	0.09
0.789	3.54	0.09
0.790	3.60	0.10
0.791	3.64	0.11
0.792	3.66	0.10
0.793	3.73	0.11
0.794	3.83	0.12
0.795	3.86	0.11
0.796	3.88	0.12
0.797	3.86	0.12
0.798	3.81	0.11
0.799	3.85	0.11
0.800	3.83	0.11
0.801	3.88	0.12
0.802	3.85	0.11
0.803	3.85	0.11
0.804	3.84	0.11
0.805	3.86	0.10
0.806	3.85	0.10
0.807	3.83	0.10
0.808	3.80	0.10
0.809	3.79	0.10
0.810	3.72	0.09
0.811	3.66	0.09
0.812	3.64	0.09
0.813	3.64	0.10
0.814	3.62	0.10
0.815	3.62	0.10
0.816	3.61	0.09
0.817	3.61	0.10
0.818	3.60	0.11
0.819	3.57	0.11
0.820	3.54	0.11
0.821	3.53	0.10
0.822	3.51	0.10
0.823	3.51	0.10
0.824	3.51	0.10
0.825	3.52	0.11
0.826	3.52	0.11
0.827	3.52	0.11
0.828	3.53	0.12
0.829	3.53	0.12
0.830	3.54	0.12
0.831	3.51	0.12
0.832	3.51	0.12
0.833	3.48	0.11
0.834	3.46	0.11
0.835	3.47	0.10
0.836	3.46	0.10
0.837	3.46	0.10
0.838	3.45	0.10
0.839	3.44	0.10
0.840	3.43	0.09
0.841	3.41	0.09
0.842	3.38	0.08
0.843	3.38	0.08
0.844	3.35	0.08
0.845	3.35	0.08
0.846	3.35	0.08
0.847	3.35	0.08
0.848	3.36	0.08
0.849	3.37	0.08
0.850	3.38	0.09
0.851	3.42	0.10
0.852	3.41	0.09
0.853	3.38	0.09
0.854	3.35	0.09
0.855	3.33	0.09
0.856	3.33	0.09
0.857	3.30	0.10
0.858	3.30	0.10
0.859	3.31	0.09
0.860	3.32	0.09
0.861	3.36	0.10
0.862	3.41	0.10
0.863	3.45	0.10
0.864	3.49	0.10
0.865	3.55	0.11
0.866	3.58	0.10
0.867	3.62	0.10
0.868	3.62	0.10
0.869	3.65	0.09
0.870	3.66	0.09
0.871	3.68	0.09
0.872	3.70	0.09
0.873	3.70	0.09
0.874	3.70	0.10
0.875	3.69	0.09
0.876	3.68	0.08
0.877	3.68	0.07
0.878	3.66	0.08
0.879	3.70	0.09
0.880	3.70	0.10
0.881	3.75	0.10
0.882	3.73	0.10
0.883	3.74	0.10
0.884	3.74	0.10
0.885	3.75	0.09
0.886	3.75	0.09
0.887	3.72	0.10
0.888	3.73	0.09
0.889	3.70	0.09
0.890	3.68	0.08
0.891	3.65	0.08
0.892	3.64	0.08
0.893	3.63	0.08
0.894	3.62	0.08
0.895	3.61	0.08
0.896	3.62	0.08
0.897	3.61	0.08
0.898	3.61	0.08
0.899	3.59	0.08
0.900	3.58	0.07
0.901	3.56	0.07
0.902	3.55	0.08
0.903	3.53	0.08
0.904	3.52	0.08
0.905	3.52	0.08
0.906	3.51	0.08
0.907	3.52	0.07
0.908	3.51	0.07
0.909	3.50	0.07
0.910	3.50	0.07
0.911	3.49	0.07
0.912	3.50	0.07
0.913	3.52	0.07
0.914	3.52	0.07
0.915	3.54	0.07
0.916	3.57	0.08
0.917	3.61	0.08
0.918	3.62	0.09
0.919	3.64	0.09
0.920	3.65	0.08
0.921	3.67	0.08
0.922	3.68	0.08
0.923	3.68	0.07
0.924	3.67	0.07
0.925	3.65	0.08
0.926	3.64	0.08
0.927	3.65	0.08
0.928	3.64	0.08
0.929	3.63	0.08
0.930	3.60	0.08
0.931	3.59	0.07
0.932	3.57	0.07
0.933	3.53	0.07
0.934	3.50	0.06
0.935	3.49	0.06
0.936	3.49	0.06
0.937	3.48	0.06
0.938	3.46	0.06
0.939	3.44	0.07
0.940	3.45	0.07
0.941	3.44	0.07
0.942	3.42	0.07
0.943	3.39	0.07
0.944	3.38	0.07
0.945	3.36	0.08
0.946	3.35	0.09
0.947	3.33	0.09
0.948	3.32	0.09
0.949	3.31	0.09
0.950	3.28	0.09
0.951	3.28	0.10
0.952	3.28	0.10
0.953	3.28	0.10
0.954	3.28	0.10
0.955	3.28	0.10
0.956	3.29	0.10
0.957	3.31	0.09
0.958	3.33	0.09
0.959	3.32	0.09
0.960	3.32	0.09
0.961	3.35	0.08
0.962	3.36	0.08
0.963	3.38	0.08
0.964	3.40	0.08
0.965	3.41	0.09
0.966	3.41	0.09
0.967	3.40	0.08
0.968	3.42	0.07
0.969	3.43	0.07
0.970	3.41	0.07
0.971	3.40	0.08
0.972	3.38	0.08
0.973	3.39	0.08
0.974	3.40	0.08
0.975	3.39	0.08
0.976	3.39	0.08
0.977	3.38	0.08
0.978	3.38	0.09
0.979	3.38	0.09
0.980	3.39	0.09
0.981	3.40	0.09
0.982	3.41	0.09
0.983	3.44	0.10
0.984	3.44	0.11
0.985	3.44	0.11
0.986	3.44	0.10
0.987	3.43	0.09
0.988	3.41	0.09
0.989	3.41	0.09
0.990	3.41	0.09
0.991	3.41	0.09
0.992	3.40	0.09
0.993	3.39	0.08
0.994	3.36	0.09
0.995	3.35	0.09
0.996	3.34	0.09
0.997	3.33	0.09
0.998	3.33	0.08
0.999	3.32	0.08
1.000	3.32	0.08
1.001	3.32	0.07
1.002	3.32	0.07
1.003	3.34	0.08
1.004	3.35	0.08
1.005	3.35	0.08
1.006	3.35	0.08
1.007	3.35	0.08
1.008	3.36	0.08
1.009	3.37	0.08
1.010	3.37	0.08
1.011	3.37	0.08
1.012	3.37	0.08
1.013	3.36	0.08
1.014	3.36	0.08
1.015	3.35	0.08
1.016	3.34	0.08
1.017	3.33	0.08
1.018	3.32	0.08
1.019	3.31	0.08
1.020	3.30	0.08
1.021	3.29	0.08
1.022	3.27	0.08
1.023	3.28	0.09
1.024	3.27	0.09
1.025	3.26	0.09
1.026	3.26	0.08
1.027	3.25	0.08
1.028	3.24	0.08
1.029	3.24	0.08
1.030	3.26	0.08
1.031	3.27	0.08
1.032	3.28	0.07
1.033	3.30	0.07
1.034	3.31	0.07
1.035	3.32	0.07
1.036	3.34	0.07
1.037	3.35	0.07
1.038	3.37	0.07
1.039	3.38	0.08
1.040	3.37	0.08
1.041	3.38	0.08
1.042	3.37	0.08
1.043	3.37	0.08
1.044	3.36	0.08
1.045	3.35	0.08
1.046	3.36	0.08
1.047	3.37	0.08
1.048	3.38	0.08
1.049	3.39	0.08
1.050	3.39	0.08
1.051	3.39	0.08
1.052	3.40	0.08
1.053	3.39	0.08
1.054	3.39	0.09
1.055	3.37	0.08
1.056	3.38	0.07
1.057	3.36	0.07
1.058	3.35	0.07
1.059	3.35	0.07
1.060	3.34	0.07
1.061	3.32	0.08
1.062	3.30	0.07
1.063	3.28	0.07
1.064	3.25	0.08
1.065	3.23	0.08
1.066	3.20	0.07
1.067	3.18	0.07
1.068	3.17	0.07
1.069	3.16	0.07
1.070	3.15	0.07
1.071	3.15	0.07
1.072	3.15	0.07
1.073	3.15	0.07
1.074	3.16	0.08
1.075	3.15	0.07
1.076	3.15	0.07
1.077	3.16	0.06
1.078	3.15	0.06
1.079	3.14	0.06
1.080	3.14	0.06
1.081	3.13	0.06
1.082	3.13	0.06
1.083	3.14	0.06
1.084	3.16	0.06
1.085	3.16	0.06
1.086	3.20	0.06
1.087	3.21	0.06
1.088	3.24	0.05
1.089	3.25	0.05
1.090	3.26	0.05
1.091	3.26	0.06
1.092	3.27	0.06
1.093	3.30	0.06
1.094	3.32	0.06
1.095	3.34	0.06
1.096	3.35	0.06
1.097	3.36	0.07
1.098	3.34	0.07
1.099	3.36	0.08
1.100	3.34	0.08
1.101	3.34	0.08
1.102	3.35	0.08
1.103	3.37	0.08
1.104	3.36	0.09
1.105	3.34	0.09
1.106	3.31	0.08
1.107	3.30	0.08
1.108	3.28	0.08
1.109	3.27	0.08
1.110	3.23	0.07
1.111	3.26	0.07
1.112	3.27	0.07
1.113	3.29	0.06
1.114	3.30	0.06
1.115	3.31	0.06
1.116	3.32	0.06
1.117	3.33	0.06
1.118	3.34	0.06
1.119	3.36	0.06
1.120	3.36	0.06
1.121	3.39	0.06
1.122	3.41	0.06
1.123	3.42	0.07
1.124	3.41	0.06
1.125	3.41	0.06
1.126	3.39	0.06
1.127	3.39	0.06
1.128	3.38	0.06
1.129	3.39	0.06
1.130	3.40	0.07
1.131	3.40	0.07
1.132	3.41	0.07
1.133	3.43	0.08
1.134	3.41	0.08
1.135	3.37	0.08
1.136	3.39	0.07
1.137	3.39	0.07
1.138	3.41	0.07
1.139	3.39	0.07
1.140	3.37	0.07
1.141	3.34	0.08
1.142	3.35	0.07
1.143	3.33	0.07
1.144	3.33	0.07
1.145	3.32	0.07
1.146	3.31	0.06
1.147	3.29	0.06
1.148	3.27	0.06
1.149	3.25	0.06
1.150	3.24	0.06
1.151	3.24	0.05
1.152	3.25	0.06
1.153	3.25	0.07
1.154	3.24	0.07
1.155	3.23	0.07
1.156	3.21	0.07
1.157	3.20	0.07
1.158	3.19	0.06
1.159	3.19	0.06
1.160	3.19	0.07
1.161	3.18	0.07
1.162	3.17	0.07
1.163	3.16	0.07
1.164	3.16	0.07
1.165	3.16	0.07
1.166	3.15	0.07
1.167	3.15	0.07
1.168	3.15	0.07
1.169	3.14	0.07
1.170	3.14	0.07
1.171	3.15	0.07
1.172	3.14	0.07
1.173	3.14	0.07
1.174	3.14	0.07
1.175	3.15	0.07
1.176	3.15	0.08
1.177	3.15	0.08
1.178	3.15	0.07
1.179	3.15	0.07
1.180	3.14	0.07
1.181	3.13	0.07
1.182	3.12	0.06
1.183	3.12	0.06
1.184	3.12	0.06
1.185	3.12	0.05
1.186	3.12	0.05
1.187	3.12	0.06
1.188	3.12	0.06
1.189	3.13	0.06
1.190	3.14	0.06
1.191	3.17	0.06
1.192	3.18	0.06
1.193	3.21	0.07
1.194	3.22	0.07
1.195	3.25	0.07
1.196	3.26	0.07
1.197	3.27	0.07
1.198	3.30	0.07
1.199	3.32	0.07
1.200	3.33	0.08
1.201	3.33	0.08
1.202	3.33	0.08
1.203	3.33	0.08
1.204	3.33	0.08
1.205	3.33	0.09
1.206	3.32	0.09
1.207	3.31	0.08
1.208	3.30	0.07
1.209	3.28	0.06
1.210	3.29	0.05
1.211	3.28	0.05
1.212	3.27	0.05
1.213	3.29	0.05
1.214	3.29	0.05
1.215	3.31	0.06
1.216	3.32	0.06
1.217	3.33	0.07
1.218	3.32	0.07
1.219	3.33	0.07
1.220	3.33	0.07
1.221	3.33	0.07
1.222	3.31	0.06
1.223	3.30	0.06
1.224	3.28	0.06
1.225	3.27	0.06
1.226	3.25	0.06
1.227	3.23	0.06
1.228	3.23	0.06
1.229	3.21	0.06
1.230	3.20	0.06
1.231	3.16	0.07
1.232	3.14	0.06
1.233	3.14	0.07
1.234	3.15	0.07
1.235	3.15	0.07
1.236	3.15	0.07
1.237	3.15	0.07
1.238	3.17	0.08
1.239	3.18	0.08
1.240	3.18	0.08
1.241	3.20	0.08
1.242	3.22	0.08
1.243	3.26	0.08
1.244	3.28	0.08
1.245	3.32	0.08
1.246	3.36	0.08
1.247	3.37	0.08
1.248	3.39	0.08
1.249	3.40	0.07
1.250	3.41	0.07
1.251	3.39	0.07
1.252	3.38	0.07
1.253	3.40	0.07
1.254	3.41	0.07
1.255	3.42	0.07
1.256	3.43	0.08
1.257	3.43	0.09
1.258	3.42	0.08
1.259	3.42	0.08
1.260	3.41	0.08
1.261	3.42	0.09
1.262	3.42	0.09
1.263	3.42	0.10
1.264	3.40	0.09
1.265	3.37	0.09
1.266	3.36	0.09
1.267	3.35	0.08
1.268	3.34	0.08
1.269	3.34	0.08
1.270	3.32	0.08
1.271	3.31	0.08
1.272	3.29	0.09
1.273	3.29	0.09
1.274	3.27	0.09
1.275	3.27	0.08
1.276	3.26	0.08
1.277	3.26	0.08
1.278	3.25	0.07
1.279	3.25	0.07
1.280	3.23	0.06
1.281	3.25	0.07
1.282	3.27	0.07
1.283	3.27	0.08
1.284	3.29	0.09
1.285	3.29	0.09
1.286	3.29	0.09
1.287	3.27	0.08
1.288	3.28	0.08
1.289	3.29	0.09
1.290	3.30	0.09
1.291	3.28	0.09
1.292	3.28	0.09
1.293	3.29	0.09
1.294	3.31	0.10
1.295	3.31	0.09
1.296	3.31	0.10
1.297	3.31	0.09
1.298	3.32	0.09
1.299	3.31	0.08
1.300	3.30	0.07
1.301	3.30	0.07
1.302	3.29	0.07
1.303	3.28	0.07
1.304	3.28	0.07
1.305	3.27	0.07
1.306	3.25	0.07
1.307	3.24	0.07
1.308	3.23	0.07
1.309	3.22	0.07
1.310	3.20	0.07
1.311	3.20	0.07
1.312	3.19	0.07
1.313	3.18	0.07
1.314	3.16	0.08
1.315	3.15	0.08
1.316	3.14	0.07
1.317	3.13	0.07
1.318	3.13	0.06
1.319	3.13	0.06
1.320	3.15	0.06
1.321	3.16	0.06
1.322	3.18	0.06
1.323	3.19	0.07
1.324	3.20	0.07
1.325	3.20	0.08
1.326	3.21	0.08
1.327	3.20	0.08
1.328	3.21	0.07
1.329	3.22	0.07
1.330	3.22	0.06
1.331	3.22	0.06
1.332	3.23	0.06
1.333	3.25	0.06
1.334	3.27	0.07
1.335	3.26	0.07
1.336	3.24	0.08
1.337	3.27	0.08
1.338	3.28	0.08
1.339	3.28	0.08
1.340	3.28	0.08
1.341	3.27	0.08
1.342	3.27	0.08
1.343	3.26	0.08
1.344	3.25	0.07
1.345	3.21	0.07
1.346	3.20	0.07
1.347	3.19	0.07
1.348	3.17	0.07
1.349	3.15	0.07
1.350	3.14	0.08
1.351	3.15	0.08
1.352	3.13	0.07
1.353	3.11	0.07
1.354	3.08	0.07
1.355	3.06	0.06
1.356	3.06	0.06
1.357	3.07	0.07
1.358	3.06	0.07
1.359	3.05	0.07
1.360	3.06	0.06
1.361	3.06	0.06
1.362	3.06	0.06
1.363	3.07	0.06
1.364	3.09	0.06
1.365	3.11	0.06
1.366	3.13	0.05
1.367	3.16	0.05
1.368	3.17	0.05
1.369	3.19	0.06
1.370	3.22	0.06
1.371	3.25	0.06
1.372	3.27	0.06
1.373	3.29	0.06
1.374	3.30	0.05
1.375	3.30	0.05
1.376	3.31	0.05
1.377	3.32	0.06
1.378	3.31	0.06
1.379	3.31	0.06
1.380	3.31	0.06
1.381	3.32	0.06
1.382	3.31	0.06
1.383	3.29	0.07
1.384	3.29	0.07
1.385	3.27	0.07
1.386	3.24	0.08
1.387	3.23	0.08
1.388	3.23	0.08
1.389	3.23	0.08
1.390	3.21	0.07
1.391	3.19	0.07
1.392	3.18	0.07
1.393	3.18	0.07
1.394	3.18	0.07
1.395	3.19	0.07
1.396	3.18	0.07
1.397	3.17	0.08
1.398	3.16	0.08
1.399	3.16	0.08
1.400	3.17	0.08
1.401	3.17	0.08
1.402	3.17	0.08
1.403	3.17	0.07
1.404	3.19	0.07
1.405	3.21	0.07
1.406	3.23	0.07
1.407	3.24	0.07
1.408	3.24	0.07
1.409	3.22	0.06
1.410	3.21	0.06
1.411	3.22	0.07
1.412	3.23	0.07
1.413	3.23	0.07
1.414	3.20	0.08
1.415	3.20	0.08
1.416	3.18	0.08
1.417	3.17	0.08
1.418	3.18	0.08
1.419	3.19	0.08
1.420	3.18	0.08
1.421	3.17	0.08
1.422	3.17	0.09
1.423	3.17	0.08
1.424	3.17	0.08
1.425	3.16	0.07
1.426	3.15	0.06
1.427	3.15	0.06
1.428	3.15	0.06
1.429	3.15	0.06
1.430	3.15	0.06
1.431	3.13	0.06
1.432	3.12	0.06
1.433	3.11	0.06
1.434	3.09	0.05
1.435	3.09	0.05
1.436	3.09	0.05
1.437	3.09	0.06
1.438	3.09	0.06
1.439	3.09	0.06
1.440	3.09	0.06
1.441	3.08	0.06
1.442	3.08	0.06
1.443	3.07	0.06
1.444	3.07	0.06
1.445	3.06	0.06
1.446	3.07	0.06
1.447	3.07	0.06
1.448	3.08	0.06
1.449	3.09	0.06
1.450	3.11	0.06
1.451	3.14	0.06
1.452	3.17	0.06
1.453	3.22	0.06
1.454	3.24	0.06
1.455	3.27	0.06
1.456	3.26	0.06
1.457	3.25	0.06
1.458	3.26	0.06
1.459	3.27	0.06
1.460	3.27	0.06
1.461	3.28	0.06
1.462	3.29	0.07
1.463	3.28	0.07
1.464	3.27	0.07
1.465	3.26	0.07
1.466	3.24	0.08
1.467	3.23	0.08
1.468	3.22	0.08
1.469	3.21	0.08
1.470	3.20	0.07
1.471	3.19	0.07
1.472	3.18	0.06
1.473	3.17	0.06
1.474	3.17	0.06
1.475	3.15	0.06
1.476	3.14	0.06
1.477	3.13	0.06
1.478	3.11	0.06
1.479	3.11	0.06
1.480	3.11	0.06
1.481	3.09	0.06
1.482	3.09	0.06
1.483	3.08	0.06
1.484	3.08	0.06
1.485	3.07	0.07
1.486	3.07	0.06
1.487	3.06	0.06
1.488	3.07	0.06
1.489	3.09	0.06
1.490	3.10	0.06
1.491	3.12	0.06
1.492	3.13	0.06
1.493	3.15	0.06
1.494	3.16	0.06
1.495	3.17	0.07
1.496	3.18	0.07
1.497	3.21	0.07
1.498	3.22	0.07
1.499	3.22	0.07
1.500	3.21	0.07
1.501	3.21	0.08
1.502	3.21	0.08
1.503	3.22	0.08
1.504	3.22	0.07
1.505	3.22	0.07
1.506	3.22	0.07
1.507	3.21	0.07
1.508	3.21	0.07
1.509	3.21	0.07
1.510	3.20	0.07
1.511	3.19	0.06
1.512	3.18	0.06
1.513	3.17	0.06
1.514	3.16	0.06
1.515	3.15	0.06
1.516	3.15	0.06
1.517	3.15	0.06
1.518	3.15	0.07
1.519	3.14	0.07
1.520	3.15	0.07
1.521	3.14	0.07
1.522	3.16	0.07
1.523	3.16	0.07
1.524	3.16	0.07
1.525	3.17	0.08
1.526	3.17	0.08
1.527	3.18	0.07
1.528	3.17	0.07
1.529	3.21	0.07
1.530	3.21	0.07
1.531	3.24	0.07
1.532	3.24	0.07
1.533	3.26	0.06
1.534	3.27	0.06
1.535	3.27	0.05
1.536	3.28	0.05
1.537	3.29	0.06
1.538	3.29	0.06
1.539	3.28	0.06
1.540	3.27	0.06
1.541	3.28	0.06
1.542	3.27	0.06
1.543	3.27	0.06
1.544	3.27	0.06
1.545	3.26	0.07
1.546	3.25	0.07
1.547	3.26	0.07
1.548	3.25	0.08
1.549	3.24	0.07
1.550	3.21	0.07
1.551	3.18	0.07
1.552	3.19	0.07
1.553	3.20	0.07
1.554	3.20	0.06
1.555	3.20	0.06
1.556	3.20	0.06
1.557	3.19	0.06
1.558	3.16	0.05
1.559	3.14	0.05
1.560	3.13	0.05
1.561	3.13	0.05
1.562	3.13	0.06
1.563	3.13	0.05
1.564	3.12	0.05
1.565	3.12	0.06
1.566	3.12	0.06
1.567	3.13	0.06
1.568	3.14	0.06
1.569	3.15	0.06
1.570	3.16	0.06
1.571	3.17	0.06
1.572	3.18	0.06
1.573	3.19	0.06
1.574	3.20	0.06
1.575	3.22	0.06
1.576	3.20	0.06
1.577	3.20	0.06
1.578	3.23	0.06
1.579	3.23	0.06
1.580	3.22	0.07
1.581	3.21	0.07
1.582	3.20	0.07
1.583	3.18	0.07
1.584	3.17	0.07
1.585	3.16	0.07
1.586	3.16	0.07
1.587	3.17	0.07
1.588	3.18	0.07
1.589	3.18	0.07
1.590	3.18	0.07
1.591	3.20	0.07
1.592	3.19	0.07
1.593	3.17	0.07
1.594	3.15	0.07
1.595	3.15	0.07
1.596	3.16	0.07
1.597	3.16	0.07
1.598	3.15	0.07
1.599	3.14	0.06
1.600	3.14	0.06
1.601	3.13	0.07
1.602	3.13	0.07
1.603	3.12	0.08
1.604	3.12	0.08
1.605	3.11	0.08
1.606	3.11	0.08
1.607	3.11	0.07
1.608	3.11	0.06
1.609	3.11	0.06
1.610	3.11	0.06
1.611	3.11	0.06
1.612	3.11	0.05
1.613	3.11	0.05
1.614	3.11	0.05
1.615	3.11	0.05
1.616	3.11	0.05
1.617	3.11	0.06
1.618	3.12	0.06
1.619	3.13	0.05
1.620	3.13	0.05
1.621	3.14	0.05
1.622	3.14	0.05
1.623	3.14	0.06
1.624	3.16	0.05
1.625	3.17	0.05
1.626	3.17	0.05
1.627	3.16	0.05
1.628	3.15	0.05
1.629	3.14	0.05
1.630	3.12	0.06
1.631	3.12	0.06
1.632	3.12	0.06
1.633	3.12	0.06
1.634	3.13	0.06
1.635	3.14	0.07
1.636	3.15	0.08
1.637	3.16	0.08
1.638	3.16	0.07
1.639	3.17	0.07
1.640	3.18	0.07
1.641	3.18	0.07
1.642	3.18	0.07
1.643	3.19	0.07
1.644	3.20	0.07
1.645	3.20	0.07
1.646	3.20	0.07
1.647	3.21	0.07
1.648	3.21	0.07
1.649	3.22	0.07
1.650	3.22	0.08
1.651	3.22	0.08
1.652	3.23	0.07
1.653	3.23	0.07
1.654	3.24	0.07
1.655	3.25	0.06
1.656	3.25	0.06
1.657	3.26	0.06
1.658	3.27	0.06
1.659	3.27	0.06
1.660	3.28	0.06
1.661	3.30	0.06
1.662	3.30	0.06
1.663	3.30	0.06
1.664	3.30	0.06
1.665	3.31	0.06
1.666	3.29	0.06
1.667	3.29	0.06
1.668	3.26	0.06
1.669	3.24	0.06
1.670	3.22	0.06
1.671	3.22	0.07
1.672	3.23	0.08
1.673	3.21	0.07
1.674	3.21	0.07
1.675	3.21	0.07
1.676	3.20	0.06
1.677	3.19	0.06
1.678	3.19	0.06
1.679	3.18	0.06
1.680	3.18	0.06
1.681	3.18	0.06
1.682	3.19	0.06
1.683	3.17	0.06
1.684	3.17	0.06
1.685	3.18	0.06
1.686	3.17	0.06
1.687	3.16	0.06
1.688	3.17	0.05
1.689	3.16	0.05
1.690	3.14	0.05
1.691	3.13	0.06
1.692	3.13	0.06
1.693	3.13	0.07
1.694	3.14	0.07
1.695	3.16	0.08
1.696	3.17	0.07
1.697	3.18	0.08
1.698	3.19	0.08
1.699	3.20	0.09
1.700	3.20	0.08
1.701	3.20	0.08
1.702	3.21	0.08
1.703	3.22	0.08
1.704	3.21	0.07
1.705	3.21	0.07
1.706	3.20	0.06
1.707	3.19	0.06
1.708	3.20	0.05
1.709	3.20	0.05
1.710	3.21	0.05
1.711	3.20	0.05
1.712	3.19	0.05
1.713	3.18	0.06
1.714	3.17	0.06
1.715	3.16	0.06
1.716	3.15	0.06
1.717	3.14	0.06
1.718	3.14	0.07
1.719	3.13	0.07
1.720	3.15	0.07
1.721	3.16	0.07
1.722	3.16	0.07
1.723	3.17	0.08
1.724	3.16	0.07
1.725	3.16	0.07
1.726	3.17	0.07
1.727	3.17	0.07
1.728	3.18	0.07
1.729	3.18	0.07
1.730	3.19	0.07
1.731	3.19	0.06
1.732	3.18	0.06
1.733	3.18	0.06
1.734	3.18	0.06
1.735	3.16	0.06
1.736	3.15	0.07
1.737	3.12	0.07
1.738	3.10	0.07
1.739	3.10	0.08
1.740	3.11	0.08
1.741	3.13	0.07
1.742	3.17	0.05
1.743	3.19	0.05
1.744	3.20	0.05
1.745	3.21	0.06
1.746	3.22	0.07
1.747	3.22	0.07
1.748	3.23	0.07
1.749	3.22	0.08
1.750	3.21	0.07
1.751	3.21	0.06
1.752	3.20	0.07
1.753	3.18	0.08
1.754	3.20	0.07
1.755	3.21	0.07
1.756	3.19	0.07
1.757	3.19	0.07
1.758	3.19	0.07
1.759	3.19	0.07
1.760	3.18	0.06
1.761	3.20	0.06
1.762	3.21	0.06
1.763	3.19	0.06
1.764	3.17	0.06
1.765	3.15	0.06
1.766	3.13	0.06
1.767	3.13	0.06
1.768	3.12	0.06
1.769	3.11	0.06
1.770	3.11	0.06
1.771	3.10	0.06
1.772	3.09	0.06
1.773	3.07	0.06
1.774	3.06	0.06
1.775	3.06	0.06
1.776	3.06	0.06
1.777	3.06	0.06
1.778	3.05	0.06
1.779	3.06	0.06
1.780	3.08	0.05
1.781	3.10	0.05
1.782	3.11	0.05
1.783	3.12	0.05
1.784	3.13	0.05
1.785	3.14	0.05
1.786	3.16	0.05
1.787	3.17	0.05
1.788	3.19	0.05
1.789	3.21	0.06
1.790	3.22	0.06
1.791	3.20	0.07
1.792	3.23	0.07
1.793	3.22	0.07
1.794	3.22	0.07
1.795	3.21	0.06
1.796	3.20	0.06
1.797	3.21	0.06
1.798	3.22	0.07
1.799	3.21	0.07
1.800	3.19	0.06
1.801	3.17	0.06
1.802	3.16	0.06
1.803	3.14	0.06
1.804	3.15	0.06
1.805	3.14	0.06
1.806	3.14	0.06
1.807	3.14	0.06
1.808	3.13	0.06
1.809	3.13	0.06
1.810	3.12	0.06
1.811	3.13	0.06
1.812	3.12	0.06
1.813	3.14	0.06
1.814	3.15	0.06
1.815	3.15	0.06
1.816	3.16	0.06
1.817	3.18	0.06
1.818	3.20	0.06
1.819	3.18	0.06
1.820	3.17	0.06
1.821	3.16	0.06
1.822	3.13	0.06
1.823	3.12	0.06
1.824	3.12	0.06
1.825	3.11	0.05
1.826	3.11	0.05
1.827	3.09	0.05
1.828	3.08	0.06
1.829	3.10	0.05
1.830	3.08	0.06
1.831	3.08	0.06
1.832	3.08	0.06
1.833	3.12	0.05
1.834	3.11	0.05
1.835	3.11	0.05
1.836	3.12	0.06
1.837	3.13	0.06
1.838	3.12	0.06
1.839	3.10	0.06
1.840	3.10	0.06
1.841	3.11	0.06
1.842	3.10	0.06
1.843	3.08	0.06
1.844	3.05	0.05
1.845	3.06	0.05
1.846	3.06	0.05
1.847	3.07	0.05
1.848	3.09	0.04
1.849	3.09	0.04
1.850	3.11	0.05
1.851	3.11	0.05
1.852	3.13	0.05
1.853	3.14	0.05
1.854	3.15	0.05
1.855	3.14	0.05
1.856	3.16	0.05
1.857	3.17	0.05
1.858	3.18	0.05
1.859	3.18	0.06
1.860	3.18	0.06
1.861	3.20	0.05
1.862	3.19	0.05
1.863	3.19	0.05
1.864	3.17	0.05
1.865	3.17	0.06
1.866	3.16	0.06
1.867	3.15	0.06
1.868	3.14	0.06
1.869	3.14	0.06
1.870	3.13	0.06
1.871	3.14	0.05
1.872	3.12	0.05
1.873	3.11	0.05
1.874	3.07	0.06
1.875	3.10	0.06
1.876	3.10	0.06
1.877	3.11	0.06
1.878	3.10	0.06
1.879	3.10	0.06
1.880	3.11	0.05
1.881	3.11	0.05
1.882	3.11	0.05
1.883	3.11	0.05
1.884	3.12	0.05
1.885	3.11	0.05
1.886	3.11	0.05
1.887	3.10	0.06
1.888	3.11	0.05
1.889	3.11	0.05
1.890	3.11	0.05
1.891	3.12	0.05
1.892	3.12	0.05
1.893	3.13	0.05
1.894	3.11	0.05
1.895	3.12	0.05
1.896	3.12	0.05
1.897	3.13	0.05
1.898	3.15	0.05
1.899	3.12	0.06
1.900	3.13	0.07
1.901	3.13	0.07
1.902	3.14	0.07
1.903	3.13	0.06
1.904	3.12	0.06
1.905	3.13	0.07
1.906	3.13	0.07
1.907	3.11	0.07
1.908	3.10	0.07
1.909	3.10	0.07
1.910	3.08	0.07
1.911	3.08	0.07
1.912	3.08	0.07
1.913	3.09	0.07
1.914	3.10	0.07
1.915	3.10	0.07
1.916	3.09	0.07
1.917	3.08	0.07
1.918	3.07	0.07
1.919	3.07	0.07
1.920	3.07	0.07
1.921	3.06	0.06
1.922	3.06	0.06
1.923	3.05	0.06
1.924	3.04	0.06
1.925	3.05	0.06
1.926	3.05	0.06
1.927	3.05	0.06
1.928	3.05	0.06
1.929	3.06	0.06
1.930	3.05	0.06
1.931	3.04	0.06
1.932	3.04	0.06
1.933	3.05	0.06
1.934	3.04	0.06
1.935	3.05	0.06
1.936	3.07	0.06
1.937	3.07	0.06
1.938	3.07	0.06
1.939	3.07	0.06
1.940	3.06	0.06
1.941	3.10	0.06
1.942	3.10	0.06
1.943	3.11	0.06
1.944	3.12	0.06
1.945	3.13	0.06
1.946	3.15	0.06
1.947	3.16	0.06
1.948	3.16	0.06
1.949	3.16	0.06
1.950	3.18	0.06
1.951	3.18	0.05
1.952	3.17	0.05
1.953	3.16	0.05
1.954	3.15	0.05
1.955	3.15	0.05
1.956	3.15	0.05
1.957	3.17	0.06
1.958	3.16	0.06
1.959	3.15	0.06
1.960	3.14	0.07
1.961	3.12	0.08
1.962	3.10	0.08
1.963	3.10	0.07
1.964	3.10	0.07
1.965	3.10	0.06
1.966	3.11	0.06
1.967	3.11	0.06
1.968	3.11	0.06
1.969	3.11	0.07
1.970	3.11	0.07
1.971	3.10	0.06
1.972	3.09	0.06
1.973	3.08	0.06
1.974	3.07	0.06
1.975	3.06	0.06
1.976	3.06	0.06
1.977	3.06	0.05
1.978	3.06	0.05
1.979	3.06	0.05
1.980	3.06	0.05
1.981	3.06	0.05
1.982	3.05	0.05
1.983	3.05	0.05
1.984	3.06	0.05
1.985	3.06	0.05
1.986	3.07	0.05
1.987	3.06	0.05
1.988	3.06	0.05
1.989	3.06	0.05
1.990	3.07	0.05
1.991	3.05	0.05
1.992	3.06	0.05
1.993	3.08	0.06
1.994	3.07	0.06
1.995	3.09	0.06
1.996	3.09	0.06
1.997	3.08	0.06
1.998	3.08	0.06
1.999	3.09	0.06
2.000	3.09	0.05
2.001	3.09	0.05
2.002	3.10	0.05
2.003	3.09	0.05
2.004	3.10	0.05
2.005	3.11	0.05
2.006	3.11	0.05
2.007	3.11	0.06
2.008	3.11	0.06
2.009	3.11	0.06
2.010	3.09	0.06
2.011	3.08	0.07
2.012	3.08	0.07
2.013	3.07	0.07
2.014	3.08	0.07
2.015	3.07	0.07
2.016	3.07	0.07
2.017	3.06	0.07
2.018	3.07	0.07
2.019	3.05	0.07
2.020	3.04	0.06
2.021	3.05	0.06
2.022	3.06	0.07
2.023	3.05	0.07
2.024	3.04	0.06
2.025	3.04	0.06
2.026	3.05	0.06
2.027	3.05	0.06
2.028	3.06	0.06
2.029	3.07	0.05
2.030	3.08	0.05
2.031	3.08	0.05
2.032	3.09	0.05
2.033	3.08	0.06
2.034	3.08	0.06
2.035	3.09	0.06
2.036	3.08	0.05
2.037	3.08	0.05
2.038	3.08	0.05
2.039	3.08	0.06
2.040	3.08	0.05
2.041	3.09	0.05
2.042	3.08	0.06
2.043	3.11	0.05
2.044	3.10	0.06
2.045	3.10	0.06
2.046	3.10	0.06
2.047	3.09	0.06
2.048	3.08	0.06
2.049	3.08	0.06
2.050	3.08	0.07
2.051	3.09	0.07
2.052	3.09	0.07
2.053	3.09	0.07
2.054	3.09	0.07
2.055	3.10	0.08
2.056	3.10	0.08
2.057	3.11	0.08
2.058	3.11	0.08
2.059	3.12	0.08
2.060	3.13	0.08
2.061	3.14	0.08
2.062	3.15	0.08
2.063	3.15	0.07
2.064	3.16	0.07
2.065	3.18	0.07
2.066	3.20	0.07
2.067	3.23	0.07
2.068	3.23	0.07
2.069	3.24	0.07
2.070	3.24	0.06
2.071	3.24	0.06
2.072	3.25	0.07
2.073	3.26	0.07
2.074	3.23	0.06
2.075	3.25	0.06
2.076	3.23	0.06
2.077	3.23	0.06
2.078	3.21	0.06
2.079	3.22	0.05
2.080	3.21	0.06
2.081	3.21	0.06
2.082	3.21	0.06
2.083	3.20	0.06
2.084	3.20	0.06
2.085	3.20	0.06
2.086	3.19	0.06
2.087	3.18	0.06
2.088	3.16	0.06
2.089	3.16	0.06
2.090	3.16	0.06
2.091	3.14	0.06
2.092	3.14	0.06
2.093	3.14	0.07
2.094	3.13	0.07
2.095	3.13	0.07
2.096	3.14	0.07
2.097	3.15	0.07
2.098	3.15	0.07
2.099	3.14	0.07
2.100	3.14	0.06
2.101	3.14	0.06
2.102	3.14	0.06
2.103	3.14	0.06
2.104	3.14	0.06
2.105	3.14	0.05
2.106	3.13	0.05
2.107	3.14	0.06
2.108	3.14	0.05
2.109	3.13	0.05
2.110	3.12	0.05
2.111	3.12	0.05
2.112	3.10	0.05
2.113	3.10	0.05
2.114	3.10	0.05
2.115	3.10	0.05
2.116	3.12	0.06
2.117	3.12	0.06
2.118	3.11	0.06
2.119	3.11	0.06
2.120	3.10	0.06
2.121	3.09	0.06
2.122	3.08	0.06
2.123	3.07	0.05
2.124	3.07	0.05
2.125	3.08	0.05
2.126	3.08	0.05
2.127	3.07	0.05
2.128	3.06	0.05
2.129	3.04	0.06
2.130	3.03	0.06
2.131	3.02	0.06
2.132	3.01	0.06
2.133	3.01	0.06
2.134	3.01	0.07
2.135	3.01	0.07
2.136	3.02	0.07
2.137	3.02	0.07
2.138	3.01	0.07
2.139	3.01	0.07
2.140	3.03	0.07
2.141	3.05	0.07
2.142	3.07	0.07
2.143	3.09	0.07
2.144	3.11	0.08
2.145	3.14	0.08
2.146	3.15	0.08
2.147	3.16	0.08
2.148	3.16	0.08
2.149	3.16	0.08
2.150	3.17	0.08
2.151	3.17	0.07
2.152	3.20	0.07
2.153	3.20	0.07
2.154	3.21	0.07
2.155	3.22	0.07
2.156	3.19	0.07
2.157	3.19	0.07
2.158	3.17	0.07
2.159	3.19	0.08
2.160	3.19	0.08
2.161	3.18	0.08
2.162	3.18	0.09
2.163	3.18	0.08
2.164	3.17	0.08
2.165	3.17	0.08
2.166	3.16	0.08
2.167	3.14	0.08
2.168	3.14	0.08
2.169	3.13	0.08
2.170	3.13	0.08
2.171	3.12	0.08
2.172	3.11	0.08
2.173	3.11	0.08
2.174	3.10	0.08
2.175	3.09	0.08
2.176	3.09	0.07
2.177	3.08	0.07
2.178	3.07	0.06
2.179	3.08	0.06
2.180	3.09	0.06
2.181	3.08	0.06
2.182	3.06	0.05
2.183	3.08	0.06
2.184	3.08	0.06
2.185	3.08	0.05
2.186	3.08	0.05
2.187	3.08	0.06
2.188	3.08	0.06
2.189	3.08	0.06
2.190	3.08	0.06
2.191	3.09	0.06
2.192	3.08	0.06
2.193	3.07	0.06
2.194	3.07	0.06
2.195	3.09	0.06
2.196	3.11	0.07
2.197	3.11	0.06
2.198	3.12	0.07
2.199	3.11	0.07
2.200	3.10	0.07
2.201	3.08	0.08
2.202	3.09	0.07
2.203	3.09	0.07
2.204	3.08	0.07
2.205	3.07	0.06
2.206	3.06	0.06
2.207	3.07	0.06
2.208	3.06	0.06
2.209	3.06	0.06
2.210	3.08	0.06
2.211	3.07	0.05
2.212	3.07	0.05
2.213	3.07	0.05
2.214	3.07	0.05
2.215	3.09	0.06
2.216	3.09	0.06
2.217	3.05	0.05
2.218	3.06	0.06
2.219	3.08	0.06
2.220	3.06	0.06
2.221	3.05	0.06
2.222	3.07	0.06
2.223	3.07	0.06
2.224	3.07	0.06
2.225	3.06	0.06
2.226	3.05	0.06
2.227	3.04	0.05
2.228	3.02	0.05
2.229	3.04	0.06
2.230	3.04	0.05
2.231	3.04	0.05
2.232	3.04	0.05
2.233	3.04	0.05
2.234	3.05	0.05
2.235	3.06	0.06
2.236	3.07	0.06
2.237	3.08	0.06
2.238	3.09	0.06
2.239	3.11	0.06
2.240	3.10	0.06
2.241	3.12	0.06
2.242	3.11	0.06
2.243	3.12	0.06
2.244	3.13	0.06
2.245	3.14	0.06
2.246	3.13	0.06
2.247	3.12	0.06
2.248	3.13	0.06
2.249	3.13	0.06
2.250	3.12	0.05
2.251	3.13	0.06
2.252	3.11	0.05
2.253	3.11	0.06
2.254	3.11	0.06
2.255	3.10	0.06
2.256	3.10	0.06
2.257	3.09	0.06
2.258	3.09	0.06
2.259	3.09	0.06
2.260	3.07	0.06
2.261	3.06	0.05
2.262	3.05	0.05
2.263	3.04	0.05
2.264	3.04	0.05
2.265	3.04	0.05
2.266	3.03	0.05
2.267	3.02	0.05
2.268	3.03	0.05
2.269	3.03	0.05
2.270	3.03	0.05
2.271	3.04	0.05
2.272	3.04	0.05
2.273	3.05	0.05
2.274	3.04	0.05
2.275	3.05	0.05
2.276	3.06	0.05
2.277	3.07	0.05
2.278	3.08	0.06
2.279	3.09	0.06
2.280	3.08	0.06
2.281	3.07	0.06
2.282	3.07	0.06
2.283	3.07	0.06
2.284	3.07	0.06
2.285	3.07	0.06
2.286	3.07	0.06
2.287	3.07	0.06
2.288	3.05	0.06
2.289	3.05	0.06
2.290	3.07	0.06
2.291	3.04	0.06
2.292	3.03	0.06
2.293	3.03	0.05
2.294	3.04	0.05
2.295	3.03	0.05
2.296	3.03	0.05
2.297	3.03	0.05
2.298	3.03	0.05
2.299	3.03	0.05
2.300	3.03	0.05
2.301	3.03	0.05
2.302	3.03	0.05
2.303	3.03	0.05
2.304	3.04	0.06
2.305	3.04	0.06
2.306	3.05	0.05
2.307	3.05	0.06
2.308	3.05	0.06
2.309	3.05	0.05
2.310	3.05	0.05
2.311	3.07	0.05
2.312	3.07	0.06
2.313	3.07	0.06
2.314	3.10	0.05
2.315	3.09	0.05
2.316	3.08	0.06
2.317	3.07	0.05
2.318	3.07	0.05
2.319	3.07	0.05
2.320	3.05	0.05
2.321	3.05	0.05
2.322	3.06	0.05
2.323	3.03	0.05
2.324	3.04	0.05
2.325	3.05	0.05
2.326	3.08	0.06
2.327	3.09	0.06
2.328	3.10	0.06
2.329	3.10	0.07
2.330	3.10	0.06
2.331	3.08	0.06
2.332	3.08	0.06
2.333	3.05	0.06
2.334	3.07	0.05
2.335	3.05	0.06
2.336	3.04	0.05
2.337	3.04	0.05
2.338	3.03	0.05
2.339	3.03	0.05
2.340	3.03	0.05
2.341	3.00	0.05
2.342	3.02	0.05
2.343	3.01	0.05
2.344	3.04	0.06
2.345	3.02	0.05
2.346	3.01	0.05
2.347	3.01	0.05
2.348	3.02	0.05
2.349	3.01	0.05
2.350	3.02	0.05
2.351	3.03	0.05
2.352	3.05	0.05
2.353	3.05	0.05
2.354	3.07	0.05
2.355	3.08	0.05
2.356	3.10	0.05
2.357	3.10	0.04
2.358	3.13	0.05
2.359	3.12	0.04
2.360	3.13	0.04
2.361	3.13	0.04
2.362	3.12	0.04
2.363	3.12	0.04
2.364	3.13	0.04
2.365	3.11	0.05
2.366	3.11	0.05
2.367	3.10	0.05
2.368	3.10	0.05
2.369	3.10	0.05
2.370	3.09	0.05
2.371	3.10	0.06
2.372	3.11	0.06
2.373	3.10	0.06
2.374	3.09	0.06
2.375	3.09	0.06
2.376	3.08	0.06
2.377	3.06	0.05
2.378	3.05	0.05
2.379	3.04	0.05
2.380	3.03	0.05
2.381	3.03	0.05
2.382	3.03	0.05
2.383	3.04	0.05
2.384	3.04	0.06
2.385	3.04	0.06
2.386	3.05	0.06
2.387	3.04	0.06
2.388	3.03	0.06
2.389	3.03	0.06
2.390	3.02	0.05
2.391	3.01	0.06
2.392	3.01	0.06
2.393	3.01	0.06
2.394	3.00	0.06
2.395	3.00	0.06
2.396	3.01	0.06
2.397	3.01	0.05
2.398	3.02	0.06
2.399	3.03	0.06
2.400	3.03	0.06
2.401	3.03	0.06
2.402	3.03	0.06
2.403	3.03	0.06
2.404	3.03	0.06
2.405	3.05	0.07
2.406	3.05	0.07
2.407	3.03	0.07
2.408	3.02	0.07
2.409	3.01	0.08
2.410	3.00	0.08
2.411	2.99	0.09
2.412	2.99	0.09
2.413	2.98	0.08
2.414	2.98	0.08
2.415	2.99	0.08
2.416	2.96	0.08
2.417	2.99	0.08
2.418	2.99	0.08
2.419	2.98	0.08
2.420	2.97	0.08
2.421	2.97	0.08
2.422	2.97	0.08
2.423	2.97	0.08
2.424	2.97	0.09
2.425	2.97	0.09
2.426	3.00	0.08
2.427	3.02	0.08
2.428	3.03	0.08
2.429	3.06	0.07
2.430	3.07	0.07
2.431	3.08	0.08
2.432	3.10	0.08
2.433	3.12	0.09
2.434	3.10	0.08
2.435	3.11	0.09
2.436	3.12	0.09
2.437	3.12	0.09
2.438	3.12	0.09
2.439	3.11	0.09
2.440	3.10	0.08
2.441	3.11	0.08
2.442	3.11	0.07
2.443	3.11	0.07
2.444	3.11	0.07
2.445	3.11	0.07
2.446	3.10	0.06
2.447	3.10	0.06
2.448	3.09	0.06
2.449	3.11	0.06
2.450	3.10	0.06
2.451	3.10	0.05
2.452	3.09	0.06
2.453	3.08	0.06
2.454	3.07	0.05
2.455	3.06	0.05
2.456	3.06	0.05
2.457	3.07	0.05
2.458	3.05	0.05
2.459	3.05	0.05
2.460	3.04	0.06
2.461	3.03	0.06
2.462	3.05	0.06
2.463	3.04	0.05
2.464	3.05	0.05
2.465	3.04	0.05
2.466	3.04	0.05
2.467	3.05	0.05
2.468	3.03	0.05
2.469	3.04	0.05
2.470	3.04	0.06
2.471	3.03	0.05
2.472	3.03	0.05
2.473	3.02	0.05
2.474	3.04	0.05
2.475	3.05	0.06
2.476	3.05	0.05
2.477	3.04	0.05
2.478	3.04	0.05
2.479	3.07	0.06
2.480	3.07	0.06
2.481	3.07	0.06
2.482	3.07	0.06
2.483	3.09	0.07
2.484	3.10	0.07
2.485	3.11	0.07
2.486	3.10	0.07
2.487	3.11	0.07
2.488	3.12	0.06
2.489	3.12	0.06
2.490	3.12	0.06
2.491	3.11	0.06
2.492	3.11	0.06
2.493	3.10	0.05
2.494	3.09	0.05
2.495	3.08	0.05
2.496	3.06	0.05
2.497	3.05	0.05
2.498	3.03	0.06
2.499	3.03	0.06
2.500	3.01	0.06
2.501	3.00	0.06
2.502	3.00	0.06
2.503	2.98	0.06
2.504	2.99	0.06
2.505	2.99	0.06
2.506	3.00	0.06
2.507	3.01	0.06
2.508	3.04	0.06
2.509	3.06	0.06
2.510	3.08	0.06
2.511	3.11	0.06
2.512	3.11	0.06
2.513	3.12	0.06
2.514	3.14	0.06
2.515	3.13	0.06
2.516	3.13	0.06
2.517	3.15	0.07
2.518	3.16	0.07
2.519	3.19	0.07
2.520	3.19	0.08
2.521	3.19	0.07
2.522	3.15	0.07
2.523	3.13	0.07
2.524	3.12	0.07
2.525	3.15	0.07
2.526	3.14	0.07
2.527	3.14	0.07
2.528	3.13	0.07
2.529	3.14	0.07
2.530	3.12	0.07
2.531	3.12	0.06
2.532	3.12	0.06
2.533	3.11	0.07
2.534	3.10	0.06
2.535	3.10	0.06
2.536	3.10	0.07
2.537	3.09	0.07
2.538	3.06	0.06
2.539	3.04	0.06
2.540	3.02	0.06
2.541	3.02	0.06
2.542	3.01	0.05
2.543	3.00	0.05
2.544	3.01	0.05
2.545	3.01	0.06
2.546	2.99	0.06
2.547	2.98	0.06
2.548	2.98	0.06
2.549	2.98	0.06
2.550	2.99	0.06
2.551	2.98	0.06
2.552	2.98	0.06
2.553	2.98	0.05
2.554	2.99	0.05
2.555	3.00	0.06
2.556	3.01	0.06
2.557	3.01	0.05
2.558	3.01	0.06
2.559	3.02	0.06
2.560	3.02	0.06
2.561	3.03	0.06
2.562	3.04	0.06
2.563	3.03	0.06
2.564	3.03	0.06
2.565	3.03	0.06
2.566	3.02	0.06
2.567	3.01	0.05
2.568	3.02	0.06
2.569	3.01	0.06
2.570	3.00	0.06
2.571	3.01	0.06
2.572	3.00	0.06
2.573	2.99	0.06
2.574	2.98	0.06
2.575	2.97	0.06
2.576	2.97	0.06
2.577	2.97	0.06
2.578	2.97	0.06
2.579	2.98	0.06
2.580	2.98	0.06
2.581	2.97	0.06
2.582	2.98	0.06
2.583	2.99	0.06
2.584	2.98	0.06
2.585	2.99	0.07
2.586	2.99	0.07
2.587	2.99	0.07
2.588	3.01	0.07
2.589	3.01	0.07
2.590	3.01	0.07
2.591	3.01	0.07
2.592	3.02	0.07
2.593	3.02	0.07
2.594	3.03	0.07
2.595	3.04	0.07
2.596	3.04	0.07
2.597	3.04	0.07
2.598	3.05	0.07
2.599	3.05	0.07
2.600	3.05	0.07
2.601	3.07	0.07
2.602	3.07	0.07
2.603	3.07	0.07
2.604	3.07	0.06
2.605	3.07	0.06
2.606	3.06	0.06
2.607	3.05	0.07
2.608	3.05	0.07
2.609	3.05	0.07
2.610	3.04	0.06
2.611	3.03	0.06
2.612	3.03	0.07
2.613	3.03	0.07
2.614	3.03	0.06
2.615	3.03	0.06
2.616	3.04	0.07
2.617	3.04	0.06
2.618	3.03	0.06
2.619	3.02	0.06
2.620	3.02	0.06
2.621	3.02	0.06
2.622	3.03	0.07
2.623	3.03	0.06
2.624	3.03	0.06
2.625	3.03	0.06
2.626	3.03	0.06
2.627	3.03	0.06
2.628	3.03	0.07
2.629	3.03	0.06
2.630	3.03	0.06
2.631	3.05	0.06
2.632	3.03	0.07
2.633	3.04	0.07
2.634	3.04	0.07
2.635	3.06	0.07
2.636	3.06	0.07
2.637	3.09	0.09
2.638	3.07	0.08
2.639	3.06	0.08
2.640	3.06	0.09
2.641	3.05	0.09
2.642	3.04	0.09
2.643	3.04	0.09
2.644	3.06	0.09
2.645	3.08	0.09
2.646	3.08	0.10
2.647	3.07	0.09
2.648	3.07	0.09
2.649	3.07	0.09
2.650	3.04	0.09
2.651	3.04	0.09
2.652	3.03	0.09
2.653	3.02	0.08
2.654	3.01	0.07
2.655	3.01	0.07
2.656	2.99	0.07
2.657	2.99	0.07
2.658	2.99	0.07
2.659	2.97	0.07
2.660	2.97	0.07
2.661	2.97	0.07
2.662	2.97	0.07
2.663	2.97	0.07
2.664	2.97	0.07
2.665	2.95	0.07
2.666	2.96	0.07
2.667	2.96	0.07
2.668	2.97	0.07
2.669	2.96	0.07
2.670	2.97	0.07
2.671	2.97	0.07
2.672	2.96	0.07
2.673	2.96	0.07
2.674	2.97	0.07
2.675	2.97	0.06
2.676	2.98	0.06
2.677	2.97	0.06
2.678	2.99	0.06
2.679	2.99	0.06
2.680	2.99	0.06
2.681	2.99	0.06
2.682	2.99	0.06
2.683	3.00	0.07
2.684	2.98	0.07
2.685	3.00	0.07
2.686	3.02	0.07
2.687	3.02	0.07
2.688	3.03	0.06
2.689	3.03	0.07
2.690	3.03	0.07
2.691	3.03	0.07
2.692	3.04	0.08
2.693	3.04	0.08
2.694	3.00	0.07
2.695	3.02	0.07
2.696	3.01	0.07
2.697	3.00	0.07
2.698	3.00	0.07
2.699	3.01	0.07
2.700	3.00	0.07
2.701	3.01	0.07
2.702	3.00	0.07
2.703	3.02	0.07
2.704	3.03	0.07
2.705	3.03	0.08
2.706	3.05	0.07
2.707	3.05	0.07
2.708	3.06	0.07
2.709	3.06	0.07
2.710	3.05	0.07
2.711	3.09	0.07
2.712	3.09	0.07
2.713	3.07	0.06
2.714	3.07	0.06
2.715	3.06	0.06
2.716	3.05	0.07
2.717	3.05	0.07
2.718	3.06	0.07
2.719	3.06	0.07
2.720	3.04	0.07
2.721	3.03	0.06
2.722	3.02	0.07
2.723	3.02	0.07
2.724	3.02	0.06
2.725	3.04	0.07
2.726	3.02	0.06
2.727	3.03	0.06
2.728	3.03	0.06
2.729	3.03	0.06
2.730	3.04	0.06
2.731	3.03	0.06
2.732	3.03	0.06
2.733	3.04	0.06
2.734	3.05	0.06
2.735	3.04	0.07
2.736	3.05	0.07
2.737	3.05	0.07
2.738	3.05	0.07
2.739	3.06	0.07
2.740	3.05	0.07
2.741	3.04	0.07
2.742	3.03	0.07
2.743	3.02	0.07
2.744	3.01	0.07
2.745	3.00	0.06
2.746	3.00	0.06
2.747	3.00	0.06
2.748	3.00	0.06
2.749	2.99	0.06
2.750	2.99	0.06
2.751	2.99	0.07
2.752	3.00	0.07
2.753	2.99	0.07
2.754	2.99	0.07
2.755	2.99	0.07
2.756	2.99	0.07
2.757	2.99	0.07
2.758	3.00	0.07
2.759	3.00	0.07
2.760	2.99	0.07
2.761	3.01	0.08
2.762	3.01	0.08
2.763	3.01	0.07
2.764	3.02	0.07
2.765	3.02	0.08
2.766	3.02	0.07
2.767	3.03	0.08
2.768	3.03	0.08
2.769	3.04	0.08
2.770	3.03	0.08
2.771	3.03	0.08
2.772	3.04	0.08
2.773	3.01	0.08
2.774	3.00	0.08
2.775	3.00	0.08
2.776	3.00	0.08
2.777	2.99	0.08
2.778	2.98	0.08
2.779	2.98	0.07
2.780	2.98	0.08
2.781	2.96	0.07
2.782	2.96	0.07
2.783	2.96	0.07
2.784	2.96	0.07
2.785	2.96	0.07
2.786	2.96	0.07
2.787	2.97	0.07
2.788	2.96	0.07
2.789	2.95	0.07
2.790	2.96	0.07
2.791	2.97	0.07
2.792	2.96	0.07
2.793	2.96	0.07
2.794	2.96	0.07
2.795	2.97	0.07
2.796	3.00	0.08
2.797	2.99	0.08
2.798	3.00	0.08
2.799	3.00	0.08
2.800	3.01	0.08
2.801	3.00	0.07
2.802	3.00	0.07
2.803	3.01	0.07
2.804	3.01	0.06
2.805	3.02	0.06
2.806	3.00	0.06
2.807	3.00	0.06
2.808	3.00	0.06
2.809	3.00	0.06
2.810	3.00	0.06
2.811	3.00	0.06
2.812	2.99	0.06
2.813	2.98	0.06
2.814	2.98	0.06
2.815	2.97	0.06
2.816	2.97	0.06
2.817	2.97	0.06
2.818	2.96	0.06
2.819	2.96	0.06
2.820	2.95	0.06
2.821	2.95	0.06
2.822	2.96	0.06
2.823	2.95	0.06
2.824	2.94	0.06
2.825	2.96	0.07
2.826	2.95	0.07
2.827	2.95	0.07
2.828	2.95	0.07
2.829	2.94	0.07
2.830	2.94	0.07
2.831	2.93	0.07
2.832	2.92	0.07
2.833	2.91	0.07
2.834	2.93	0.06
2.835	2.93	0.06
2.836	2.93	0.07
2.837	2.93	0.07
2.838	2.94	0.06
2.839	2.94	0.06
2.840	2.93	0.06
2.841	2.94	0.07
2.842	2.95	0.07
2.843	2.96	0.08
2.844	2.97	0.08
2.845	2.97	0.08
2.846	2.97	0.08
2.847	2.98	0.08
2.848	2.98	0.08
2.849	2.99	0.09
2.850	2.99	0.10
2.851	2.99	0.08
2.852	2.99	0.07
2.853	2.99	0.07
2.854	2.99	0.07
2.855	3.00	0.07
2.856	3.00	0.07
2.857	3.00	0.07
2.858	2.99	0.07
2.859	3.00	0.07
2.860	2.99	0.07
2.861	2.98	0.07
2.862	2.97	0.07
2.863	2.97	0.07
2.864	2.97	0.07
2.865	2.98	0.07
2.866	2.97	0.07
2.867	2.97	0.07
2.868	2.97	0.07
2.869	2.96	0.07
2.870	2.96	0.07
2.871	2.96	0.07
2.872	2.96	0.07
2.873	2.95	0.07
2.874	2.96	0.07
2.875	2.97	0.07
2.876	2.97	0.07
2.877	2.97	0.06
2.878	2.99	0.07
2.879	2.99	0.07
2.880	3.00	0.07
2.881	3.00	0.07
2.882	3.00	0.07
2.883	3.00	0.07
2.884	3.00	0.07
2.885	3.00	0.07
2.886	3.00	0.07
2.887	2.99	0.07
2.888	2.98	0.07
2.889	2.97	0.07
2.890	2.98	0.07
2.891	2.98	0.07
2.892	2.98	0.07
2.893	2.97	0.07
2.894	2.98	0.07
2.895	2.98	0.07
2.896	2.98	0.07
2.897	2.97	0.07
2.898	2.97	0.07
2.899	2.97	0.07
2.900	2.98	0.07
2.901	2.97	0.07
2.902	2.95	0.07
2.903	2.95	0.07
2.904	2.96	0.07
2.905	2.97	0.07
2.906	2.97	0.07
2.907	2.98	0.07
2.908	2.99	0.07
2.909	2.99	0.07
2.910	2.99	0.07
2.911	2.98	0.07
2.912	3.00	0.07
2.913	3.00	0.07
2.914	3.00	0.07
2.915	3.01	0.08
2.916	3.02	0.07
2.917	3.02	0.07
2.918	3.03	0.07
2.919	3.02	0.07
2.920	3.02	0.07
2.921	3.02	0.07
2.922	3.02	0.07
2.923	3.03	0.07
2.924	3.03	0.07
2.925	3.04	0.07
2.926	3.04	0.07
2.927	3.04	0.07
2.928	3.05	0.07
2.929	3.04	0.07
2.930	3.03	0.07
2.931	3.02	0.07
2.932	3.01	0.07
2.933	3.00	0.06
2.934	2.98	0.07
2.935	2.97	0.07
2.936	2.96	0.07
2.937	2.96	0.07
2.938	2.96	0.07
2.939	2.95	0.07
2.940	2.94	0.07
2.941	2.93	0.07
2.942	2.93	0.07
2.943	2.93	0.07
2.944	2.93	0.07
2.945	2.93	0.07
2.946	2.93	0.07
2.947	2.93	0.07
2.948	2.93	0.07
2.949	2.94	0.07
2.950	2.94	0.07
2.951	2.94	0.07
2.952	2.93	0.07
2.953	2.93	0.07
2.954	2.93	0.07
2.955	2.94	0.07
2.956	2.94	0.07
2.957	2.96	0.07
2.958	2.95	0.07
2.959	2.95	0.07
2.960	2.96	0.07
2.961	2.96	0.07
2.962	2.95	0.07
2.963	2.95	0.07
2.964	2.95	0.07
2.965	2.95	0.07
2.966	2.95	0.07
2.967	2.96	0.07
2.968	2.96	0.07
2.969	2.97	0.07
2.970	2.97	0.07
2.971	2.98	0.08
2.972	2.98	0.07
2.973	2.98	0.07
2.974	2.99	0.07
2.975	3.01	0.06
2.976	3.00	0.06
2.977	3.01	0.06
2.978	3.01	0.06
2.979	3.03	0.06
2.980	3.03	0.06
2.981	3.03	0.06
2.982	3.03	0.06
2.983	3.04	0.07
2.984	3.03	0.07
2.985	3.02	0.07
2.986	3.01	0.06
2.987	3.02	0.06
2.988	3.02	0.06
2.989	3.02	0.06
2.990	3.02	0.06
2.991	3.02	0.07
2.992	3.01	0.07
2.993	3.00	0.07
2.994	3.00	0.07
2.995	2.99	0.07
2.996	2.99	0.07
2.997	2.98	0.06
2.998	2.98	0.06
2.999	2.98	0.06
3.000	2.98	0.06
3.001	2.99	0.06
3.002	3.02	0.07
3.003	3.01	0.07
3.004	3.01	0.07
3.005	3.02	0.07
3.006	3.03	0.07
3.007	3.02	0.07
3.008	3.04	0.07
3.009	3.04	0.07
3.010	3.04	0.07
3.011	3.04	0.07
3.012	3.04	0.07
3.013	3.03	0.07
3.014	3.04	0.07
3.015	3.04	0.07
3.016	3.04	0.07
3.017	3.03	0.07
3.018	3.04	0.07
3.019	3.03	0.07
3.020	3.03	0.07
3.021	3.02	0.07
3.022	3.03	0.06
3.023	3.03	0.06
3.024	3.03	0.06
3.025	3.03	0.06
3.026	3.03	0.06
3.027	3.02	0.06
3.028	3.02	0.06
3.029	3.01	0.06
3.030	3.01	0.06
3.031	3.00	0.06
3.032	3.00	0.06
3.033	2.99	0.07
3.034	2.99	0.07
3.035	3.00	0.07
3.036	2.99	0.07
3.037	3.00	0.07
3.038	3.01	0.06
3.039	3.01	0.06
3.040	3.01	0.07
3.041	3.00	0.06
3.042	3.01	0.06
3.043	3.01	0.06
3.044	2.99	0.06
3.045	3.01	0.06
3.046	3.00	0.06
3.047	3.00	0.06
3.048	3.00	0.06
3.049	3.00	0.06
3.050	2.99	0.06
3.051	2.99	0.06
3.052	2.99	0.06
3.053	2.98	0.06
3.054	2.98	0.06
3.055	2.98	0.06
3.056	2.97	0.06
3.057	2.96	0.06
3.058	2.96	0.06
3.059	2.96	0.06
3.060	2.96	0.06
3.061	2.96	0.06
3.062	2.96	0.06
3.063	2.95	0.06
3.064	2.94	0.06
3.065	2.93	0.06
3.066	2.94	0.06
3.067	2.95	0.06
3.068	2.96	0.07
3.069	2.95	0.07
3.070	2.95	0.07
3.071	2.94	0.07
3.072	2.94	0.07
3.073	2.93	0.07
3.074	2.92	0.07
3.075	2.92	0.07
3.076	2.92	0.07
3.077	2.91	0.07
3.078	2.90	0.07
3.079	2.90	0.07
3.080	2.91	0.07
3.081	2.89	0.07
3.082	2.90	0.07
3.083	2.91	0.07
3.084	2.91	0.07
3.085	2.91	0.07
3.086	2.92	0.08
3.087	2.93	0.08
3.088	2.92	0.07
3.089	2.92	0.07
3.090	2.92	0.08
3.091	2.91	0.08
3.092	2.90	0.08
3.093	2.90	0.08
3.094	2.90	0.08
3.095	2.90	0.08
3.096	2.90	0.08
3.097	2.90	0.08
3.098	2.90	0.08
3.099	2.90	0.08
3.100	2.90	0.07
3.101	2.90	0.07
3.102	2.90	0.07
3.103	2.90	0.07
3.104	2.90	0.07
3.105	2.91	0.07
3.106	2.91	0.07
3.107	2.91	0.07
3.108	2.91	0.07
3.109	2.91	0.07
3.110	2.91	0.07
3.111	2.91	0.07
3.112	2.91	0.07
3.113	2.91	0.07
3.114	2.91	0.07
3.115	2.91	0.06
3.116	2.92	0.06
3.117	2.92	0.06
3.118	2.94	0.06
3.119	2.93	0.06
3.120	2.94	0.06
3.121	2.94	0.06
3.122	2.95	0.06
3.123	2.94	0.05
3.124	2.95	0.06
3.125	2.95	0.06
3.126	2.94	0.06
3.127	2.94	0.06
3.128	2.95	0.06
3.129	2.95	0.06
3.130	2.94	0.06
3.131	2.94	0.06
3.132	2.95	0.06
3.133	2.95	0.06
3.134	2.96	0.06
3.135	2.97	0.07
3.136	2.98	0.07
3.137	2.99	0.07
3.138	3.00	0.07
3.139	3.00	0.07
3.140	3.00	0.07
3.141	3.00	0.07
3.142	3.01	0.07
3.143	2.99	0.07
3.144	2.98	0.07
3.145	2.96	0.06
3.146	2.94	0.06
3.147	2.95	0.06
3.148	2.94	0.07
3.149	2.93	0.07
3.150	2.93	0.07
3.151	2.92	0.07
3.152	2.91	0.07
3.153	2.91	0.07
3.154	2.91	0.07
3.155	2.90	0.07
3.156	2.90	0.07
3.157	2.91	0.07
3.158	2.90	0.07
3.159	2.91	0.07
3.160	2.92	0.07
3.161	2.92	0.07
3.162	2.93	0.07
3.163	2.93	0.07
3.164	2.93	0.07
3.165	2.94	0.07
3.166	2.94	0.07
3.167	2.94	0.07
3.168	2.94	0.07
3.169	2.95	0.07
3.170	2.96	0.07
3.171	2.96	0.08
3.172	2.96	0.08
3.173	2.96	0.07
3.174	2.96	0.07
3.175	2.96	0.07
3.176	2.97	0.07
3.177	2.97	0.07
3.178	2.97	0.07
3.179	2.97	0.07
3.180	2.97	0.07
3.181	2.97	0.07
3.182	2.97	0.07
3.183	2.96	0.07
3.184	2.96	0.07
3.185	2.95	0.07
3.186	2.95	0.07
3.187	2.95	0.07
3.188	2.94	0.07
3.189	2.94	0.07
3.190	2.93	0.07
3.191	2.95	0.08
3.192	2.94	0.08
3.193	2.93	0.07
3.194	2.92	0.07
3.195	2.91	0.07
3.196	2.92	0.07
3.197	2.92	0.07
3.198	2.92	0.07
3.199	2.92	0.07
3.200	2.92	0.07
3.201	2.92	0.08
3.202	2.93	0.08
3.203	2.92	0.08
3.204	2.92	0.08
3.205	2.93	0.08
3.206	2.93	0.08
3.207	2.93	0.08
3.208	2.92	0.08
3.209	2.92	0.08
3.210	2.93	0.08
3.211	2.94	0.08
3.212	2.94	0.08
3.213	2.94	0.08
3.214	2.95	0.08
3.215	2.95	0.07
3.216	2.95	0.08
3.217	2.95	0.08
3.218	2.96	0.08
3.219	2.95	0.08
3.220	2.94	0.08
3.221	2.95	0.07
3.222	2.95	0.08
3.223	2.96	0.08
3.224	2.96	0.07
3.225	2.95	0.08
3.226	2.94	0.08
3.227	2.94	0.07
3.228	2.95	0.07
3.229	2.95	0.07
3.230	2.94	0.07
3.231	2.95	0.07
3.232	2.95	0.07
3.233	2.96	0.07
3.234	2.96	0.07
3.235	2.96	0.07
3.236	2.96	0.07
3.237	2.96	0.07
3.238	2.96	0.07
3.239	2.96	0.07
3.240	2.95	0.07
3.241	2.96	0.07
3.242	2.96	0.07
3.243	2.95	0.07
3.244	2.95	0.07
3.245	2.96	0.07
3.246	2.97	0.07
3.247	2.96	0.07
3.248	2.96	0.07
3.249	2.95	0.07
3.250	2.95	0.06
3.251	2.96	0.07
3.252	2.96	0.07
3.253	2.96	0.07
3.254	2.95	0.08
3.255	2.93	0.09
3.256	2.92	0.09
3.257	2.90	0.08
3.258	2.91	0.09
3.259	2.93	0.09
3.260	2.92	0.08
3.261	2.92	0.08
3.262	2.92	0.07
3.263	2.91	0.07
3.264	2.91	0.07
3.265	2.92	0.09
3.266	2.93	0.09
3.267	2.93	0.09
3.268	2.93	0.09
3.269	2.93	0.09
3.270	2.94	0.08
3.271	2.94	0.08
3.272	2.94	0.08
3.273	2.94	0.08
3.274	2.94	0.08
3.275	2.93	0.08
3.276	2.93	0.08
3.277	2.93	0.08
3.278	2.94	0.09
3.279	2.94	0.08
3.280	2.92	0.08
3.281	2.94	0.08
3.282	2.94	0.08
3.283	2.95	0.08
3.284	2.97	0.08
3.285	2.97	0.08
3.286	2.98	0.08
3.287	2.99	0.08
3.288	3.01	0.09
3.289	3.01	0.08
3.290	3.02	0.09
3.291	3.02	0.09
3.292	3.02	0.08
3.293	3.03	0.08
3.294	3.02	0.08
3.295	3.01	0.08
3.296	3.01	0.08
3.297	3.02	0.08
3.298	3.02	0.08
3.299	3.02	0.08
3.300	3.02	0.08
3.301	3.01	0.08
3.302	3.02	0.08
3.303	3.01	0.08
3.304	3.00	0.07
3.305	3.01	0.07
3.306	3.01	0.07
3.307	3.02	0.07
3.308	3.02	0.07
3.309	3.03	0.07
3.310	3.03	0.07
3.311	3.02	0.07
3.312	2.99	0.07
3.313	3.00	0.07
3.314	2.98	0.07
3.315	2.98	0.07
3.316	2.97	0.07
3.317	2.97	0.07
3.318	2.96	0.07
3.319	2.96	0.07
3.320	2.94	0.07
3.321	2.95	0.07
3.322	2.96	0.07
3.323	2.96	0.07
3.324	2.96	0.08
3.325	2.97	0.08
3.326	2.97	0.08
3.327	2.97	0.08
3.328	2.97	0.08
3.329	2.97	0.08
3.330	2.98	0.07
3.331	2.97	0.07
3.332	2.97	0.07
3.333	2.96	0.07
3.334	2.95	0.08
3.335	2.95	0.08
3.336	2.96	0.07
3.337	2.96	0.08
3.338	2.97	0.08
3.339	2.97	0.08
3.340	2.96	0.08
3.341	2.96	0.08
3.342	2.97	0.08
3.343	2.96	0.08
3.344	2.97	0.08
3.345	2.97	0.08
3.346	2.97	0.08
3.347	2.96	0.08
3.348	2.95	0.08
3.349	2.95	0.08
3.350	2.95	0.08
3.351	2.95	0.07
3.352	2.90	0.08
3.353	2.90	0.08
3.354	2.90	0.08
3.355	2.90	0.08
3.356	2.89	0.08
3.357	2.90	0.08
3.358	2.89	0.08
3.359	2.89	0.08
3.360	2.89	0.08
3.361	2.88	0.08
3.362	2.89	0.08
3.363	2.89	0.08
3.364	2.90	0.08
3.365	2.87	0.09
3.366	2.90	0.08
3.367	2.91	0.08
3.368	2.91	0.08
3.369	2.92	0.08
3.370	2.92	0.08
3.371	2.92	0.08
3.372	2.93	0.08
3.373	2.92	0.07
3.374	2.93	0.07
3.375	2.94	0.07
3.376	2.94	0.07
3.377	2.95	0.07
3.378	2.94	0.07
3.379	2.94	0.07
3.380	2.92	0.07
3.381	2.93	0.07
3.382	2.93	0.07
3.383	2.92	0.07
3.384	2.92	0.07
3.385	2.92	0.07
3.386	2.92	0.07
3.387	2.91	0.08
3.388	2.90	0.08
3.389	2.90	0.08
3.390	2.90	0.08
3.391	2.90	0.08
3.392	2.91	0.08
3.393	2.91	0.09
3.394	2.89	0.09
3.395	2.91	0.08
3.396	2.92	0.08
3.397	2.91	0.08
3.398	2.92	0.08
3.399	2.92	0.08
3.400	2.91	0.09
3.401	2.91	0.09
3.402	2.92	0.09
3.403	2.92	0.10
3.404	2.92	0.09
3.405	2.91	0.09
3.406	2.89	0.09
3.407	2.89	0.09
3.408	2.88	0.09
3.409	2.89	0.09
3.410	2.88	0.09
3.411	2.88	0.08
3.412	2.87	0.09
3.413	2.88	0.09
3.414	2.88	0.09
3.415	2.88	0.09
3.416	2.87	0.08
3.417	2.88	0.08
3.418	2.87	0.08
3.419	2.89	0.08
3.420	2.90	0.08
3.421	2.89	0.08
3.422	2.90	0.08
3.423	2.91	0.08
3.424	2.91	0.08
3.425	2.91	0.08
3.426	2.91	0.08
3.427	2.91	0.08
3.428	2.92	0.08
3.429	2.92	0.09
3.430	2.92	0.09
3.431	2.92	0.10
3.432	2.90	0.09
3.433	2.90	0.08
3.434	2.89	0.08
3.435	2.92	0.09
3.436	2.91	0.09
3.437	2.90	0.09
3.438	2.90	0.09
3.439	2.89	0.09
3.440	2.88	0.09
3.441	2.91	0.10
3.442	2.90	0.09
3.443	2.91	0.09
3.444	2.92	0.09
3.445	2.90	0.08
3.446	2.90	0.09
3.447	2.89	0.09
3.448	2.89	0.08
3.449	2.88	0.08
3.450	2.89	0.08
3.451	2.89	0.08
3.452	2.89	0.08
3.453	2.90	0.09
3.454	2.89	0.09
3.455	2.89	0.09
3.456	2.89	0.08
3.457	2.89	0.08
3.458	2.88	0.08
3.459	2.87	0.08
3.460	2.88	0.08
3.461	2.89	0.09
3.462	2.89	0.09
3.463	2.90	0.09
3.464	2.90	0.09
3.465	2.92	0.09
3.466	2.92	0.09
3.467	2.95	0.08
3.468	2.92	0.09
3.469	2.92	0.09
3.470	2.92	0.09
3.471	2.91	0.09
3.472	2.90	0.08
3.473	2.89	0.08
3.474	2.89	0.08
3.475	2.88	0.08
3.476	2.86	0.09
3.477	2.86	0.08
3.478	2.85	0.09
3.479	2.86	0.08
3.480	2.85	0.08
3.481	2.85	0.09
3.482	2.85	0.09
3.483	2.85	0.09
3.484	2.85	0.09
3.485	2.85	0.09
3.486	2.85	0.09
3.487	2.84	0.09
3.488	2.84	0.09
3.489	2.84	0.09
3.490	2.84	0.09
3.491	2.83	0.09
3.492	2.83	0.08
3.493	2.83	0.09
3.494	2.83	0.09
3.495	2.83	0.09
3.496	2.83	0.09
3.497	2.83	0.09
3.498	2.83	0.09
3.499	2.83	0.10
3.500	2.85	0.09
3.501	2.83	0.10
3.502	2.83	0.10
3.503	2.84	0.10
3.504	2.84	0.10
3.505	2.84	0.10
3.506	2.85	0.10
3.507	2.85	0.11
3.508	2.86	0.11
3.509	2.86	0.11
3.510	2.87	0.11
3.511	2.88	0.12
3.512	2.90	0.12
3.513	2.90	0.12
3.514	2.90	0.12
3.515	2.90	0.12
3.516	2.90	0.12
3.517	2.90	0.12
3.518	2.91	0.12
3.519	2.89	0.12
3.520	2.89	0.12
3.521	2.89	0.12
3.522	2.89	0.12
3.523	2.88	0.12
3.524	2.88	0.12
3.525	2.87	0.12
3.526	2.87	0.11
3.527	2.87	0.12
3.528	2.87	0.12
3.529	2.85	0.11
3.530	2.87	0.12
3.531	2.87	0.12
3.532	2.87	0.11
3.533	2.88	0.11
3.534	2.88	0.11
3.535	2.88	0.11
3.536	2.88	0.10
3.537	2.89	0.10
3.538	2.89	0.10
3.539	2.89	0.10
3.540	2.90	0.10
3.541	2.90	0.10
3.542	2.89	0.10
3.543	2.89	0.10
3.544	2.89	0.10
3.545	2.88	0.10
3.546	2.88	0.10
3.547	2.88	0.10
3.548	2.88	0.10
3.549	2.88	0.10
3.550	2.88	0.10
3.551	2.87	0.10
3.552	2.88	0.09
3.553	2.87	0.10
3.554	2.87	0.10
3.555	2.88	0.09
3.556	2.87	0.09
3.557	2.87	0.08
3.558	2.86	0.09
3.559	2.89	0.09
3.560	2.89	0.08
3.561	2.89	0.09
3.562	2.88	0.09
3.563	2.89	0.10
3.564	2.89	0.09
3.565	2.89	0.09
3.566	2.89	0.09
3.567	2.89	0.09
3.568	2.88	0.09
3.569	2.89	0.09
3.570	2.88	0.09
3.571	2.87	0.09
3.572	2.87	0.09
3.573	2.88	0.09
3.574	2.88	0.09
3.575	2.88	0.09
3.576	2.89	0.09
3.577	2.90	0.08
3.578	2.90	0.08
3.579	2.90	0.08
3.580	2.90	0.08
3.581	2.91	0.08
3.582	2.91	0.08
3.583	2.90	0.08
3.584	2.89	0.08
3.585	2.88	0.08
3.586	2.89	0.08
3.587	2.88	0.08
3.588	2.87	0.08
3.589	2.86	0.09
3.590	2.86	0.09
3.591	2.86	0.09
3.592	2.85	0.09
3.593	2.86	0.08
3.594	2.86	0.09
3.595	2.85	0.09
3.596	2.86	0.09
3.597	2.86	0.09
3.598	2.85	0.09
3.599	2.84	0.09
3.600	2.84	0.09
3.601	2.83	0.09
3.602	2.83	0.10
3.603	2.83	0.10
3.604	2.82	0.09
3.605	2.82	0.09
3.606	2.82	0.09
3.607	2.82	0.09
3.608	2.82	0.09
3.609	2.82	0.09
3.610	2.83	0.09
3.611	2.83	0.09
3.612	2.83	0.09
3.613	2.83	0.09
3.614	2.85	0.09
3.615	2.84	0.10
3.616	2.88	0.09
3.617	2.84	0.09
3.618	2.84	0.10
3.619	2.84	0.09
3.620	2.83	0.09
3.621	2.84	0.10
3.622	2.85	0.10
3.623	2.84	0.09
3.624	2.84	0.09
3.625	2.83	0.09
3.626	2.83	0.09
3.627	2.83	0.08
3.628	2.84	0.08
3.629	2.84	0.08
3.630	2.84	0.08
3.631	2.85	0.08
3.632	2.85	0.08
3.633	2.85	0.09
3.634	2.85	0.09
3.635	2.85	0.09
3.636	2.87	0.08
3.637	2.86	0.09
3.638	2.85	0.09
3.639	2.86	0.09
3.640	2.86	0.09
3.641	2.87	0.09
3.642	2.87	0.08
3.643	2.86	0.09
3.644	2.85	0.09
3.645	2.85	0.09
3.646	2.84	0.09
3.647	2.84	0.09
3.648	2.84	0.09
3.649	2.84	0.08
3.650	2.85	0.08
3.651	2.84	0.08
3.652	2.84	0.08
3.653	2.84	0.08
3.654	2.84	0.08
3.655	2.85	0.09
3.656	2.85	0.09
3.657	2.85	0.09
3.658	2.85	0.09
3.659	2.89	0.08
3.660	2.86	0.09
3.661	2.85	0.09
3.662	2.85	0.09
3.663	2.85	0.09
3.664	2.85	0.09
3.665	2.85	0.09
3.666	2.84	0.09
3.667	2.86	0.08
3.668	2.85	0.08
3.669	2.83	0.08
3.670	2.86	0.07
3.671	2.86	0.08
3.672	2.86	0.08
3.673	2.87	0.09
3.674	2.88	0.09
3.675	2.87	0.09
3.676	2.87	0.09
3.677	2.86	0.09
3.678	2.87	0.09
3.679	2.87	0.09
3.680	2.86	0.09
3.681	2.86	0.09
3.682	2.84	0.11
3.683	2.83	0.11
3.684	2.83	0.11
3.685	2.83	0.11
3.686	2.83	0.11
3.687	2.84	0.11
3.688	2.84	0.11
3.689	2.83	0.11
3.690	2.83	0.12
3.691	2.84	0.12
3.692	2.84	0.11
3.693	2.84	0.12
3.694	2.85	0.11
3.695	2.85	0.12
3.696	2.85	0.12
3.697	2.86	0.12
3.698	2.86	0.12
3.699	2.86	0.12
3.700	2.87	0.12
3.701	2.87	0.12
3.702	2.90	0.11
3.703	2.88	0.12
3.704	2.88	0.12
3.705	2.88	0.12
3.706	2.88	0.12
3.707	2.88	0.12
3.708	2.89	0.11
3.709	2.89	0.11
3.710	2.88	0.10
3.711	2.89	0.11
3.712	2.87	0.10
3.713	2.88	0.12
3.714	2.88	0.12
3.715	2.88	0.12
3.716	2.88	0.13
3.717	2.87	0.12
3.718	2.86	0.12
3.719	2.85	0.12
3.720	2.86	0.11
3.721	2.84	0.11
3.722	2.84	0.11
3.723	2.84	0.11
3.724	2.84	0.11
3.725	2.83	0.10
3.726	2.84	0.10
3.727	2.84	0.10
3.728	2.84	0.10
3.729	2.85	0.10
3.730	2.85	0.10
3.731	2.85	0.10
3.732	2.87	0.10
3.733	2.85	0.10
3.734	2.86	0.11
3.735	2.86	0.11
3.736	2.85	0.11
3.737	2.85	0.10
3.738	2.85	0.10
3.739	2.85	0.10
3.740	2.86	0.09
3.741	2.84	0.09
3.742	2.84	0.10
3.743	2.84	0.10
3.744	2.84	0.10
3.745	2.82	0.11
3.746	2.84	0.11
3.747	2.84	0.11
3.748	2.83	0.11
3.749	2.83	0.11
3.750	2.85	0.11
3.751	2.84	0.11
3.752	2.88	0.11
3.753	2.84	0.11
3.754	2.84	0.11
3.755	2.83	0.11
3.756	2.82	0.10
3.757	2.83	0.11
3.758	2.83	0.12
3.759	2.83	0.12
3.760	2.81	0.11
3.761	2.82	0.12
3.762	2.82	0.11
3.763	2.81	0.11
3.764	2.81	0.11
3.765	2.80	0.11
3.766	2.81	0.11
3.767	2.81	0.11
3.768	2.81	0.11
3.769	2.81	0.11
3.770	2.80	0.11
3.771	2.80	0.11
3.772	2.82	0.11
3.773	2.81	0.10
3.774	2.81	0.11
3.775	2.81	0.11
3.776	2.81	0.11
3.777	2.81	0.11
3.778	2.82	0.10
3.779	2.82	0.10
3.780	2.83	0.10
3.781	2.83	0.10
3.782	2.84	0.10
3.783	2.84	0.10
3.784	2.84	0.10
3.785	2.84	0.10
3.786	2.84	0.10
3.787	2.84	0.10
3.788	2.84	0.10
3.789	2.84	0.10
3.790	2.84	0.10
3.791	2.84	0.11
3.792	2.84	0.11
3.793	2.84	0.11
3.794	2.83	0.11
3.795	2.83	0.11
3.796	2.83	0.11
3.797	2.83	0.12
3.798	2.80	0.12
3.799	2.83	0.12
3.800	2.84	0.12
3.801	2.84	0.12
3.802	2.84	0.12
3.803	2.84	0.12
3.804	2.84	0.12
3.805	2.83	0.11
3.806	2.84	0.11
3.807	2.83	0.11
3.808	2.83	0.11
3.809	2.84	0.10
3.810	2.85	0.09
3.811	2.83	0.10
3.812	2.83	0.11
3.813	2.82	0.10
3.814	2.83	0.11
3.815	2.84	0.11
3.816	2.85	0.11
3.817	2.84	0.12
3.818	2.85	0.12
3.819	2.84	0.12
3.820	2.84	0.12
3.821	2.84	0.12
3.822	2.83	0.12
3.823	2.84	0.12
3.824	2.84	0.11
3.825	2.84	0.10
3.826	2.83	0.11
3.827	2.83	0.11
3.828	2.83	0.11
3.829	2.84	0.11
3.830	2.83	0.11
3.831	2.83	0.11
3.832	2.83	0.12
3.833	2.82	0.12
3.834	2.84	0.12
3.835	2.84	0.12
3.836	2.84	0.13
3.837	2.82	0.12
3.838	2.83	0.14
3.839	2.83	0.14
3.840	2.84	0.15
3.841	2.83	0.14
3.842	2.82	0.13
3.843	2.81	0.13
3.844	2.81	0.13
3.845	2.81	0.13
3.846	2.81	0.13
3.847	2.81	0.13
3.848	2.81	0.13
3.849	2.81	0.14
3.850	2.82	0.13
3.851	2.81	0.12
3.852	2.82	0.11
3.853	2.81	0.12
3.854	2.80	0.12
3.855	2.80	0.12
3.856	2.79	0.12
3.857	2.79	0.12
3.858	2.79	0.12
3.859	2.79	0.11
3.860	2.80	0.11
3.861	2.79	0.12
3.862	2.80	0.12
3.863	2.81	0.12
3.864	2.81	0.11
3.865	2.81	0.11
3.866	2.82	0.10
3.867	2.81	0.10
3.868	2.84	0.08
3.869	2.83	0.11
3.870	2.83	0.12
3.871	2.84	0.12
3.872	2.84	0.12
3.873	2.84	0.13
3.874	2.84	0.13
3.875	2.84	0.13
3.876	2.83	0.13
3.877	2.83	0.13
3.878	2.83	0.12
3.879	2.82	0.13
3.880	2.82	0.13
3.881	2.82	0.13
3.882	2.82	0.13
3.883	2.81	0.13
3.884	2.81	0.13
3.885	2.80	0.13
3.886	2.79	0.13
3.887	2.79	0.13
3.888	2.78	0.13
3.889	2.78	0.13
3.890	2.78	0.13
3.891	2.78	0.13
3.892	2.80	0.11
3.893	2.80	0.12
3.894	2.80	0.13
3.895	2.81	0.13
3.896	2.82	0.13
3.897	2.79	0.13
3.898	2.81	0.13
3.899	2.81	0.13
3.900	2.81	0.13
3.901	2.80	0.12
3.902	2.80	0.12
3.903	2.80	0.12
3.904	2.80	0.12
3.905	2.81	0.12
3.906	2.81	0.12
3.907	2.82	0.12
3.908	2.82	0.12
3.909	2.82	0.12
3.910	2.83	0.11
3.911	2.83	0.12
3.912	2.83	0.12
3.913	2.83	0.12
3.914	2.81	0.12
3.915	2.82	0.12
3.916	2.84	0.10
3.917	2.84	0.10
3.918	2.83	0.10
3.919	2.85	0.10
3.920	2.86	0.10
3.921	2.86	0.10
3.922	2.86	0.10
3.923	2.86	0.10
3.924	2.86	0.10
3.925	2.85	0.10
3.926	2.85	0.10
3.927	2.83	0.10
3.928	2.81	0.11
3.929	2.81	0.11
3.930	2.81	0.11
3.931	2.84	0.10
3.932	2.80	0.12
3.933	2.80	0.11
3.934	2.80	0.10
3.935	2.78	0.12
3.936	2.78	0.12
3.937	2.78	0.12
3.938	2.77	0.12
3.939	2.78	0.12
3.940	2.78	0.12
3.941	2.78	0.12
3.942	2.78	0.12
3.943	2.78	0.12
3.944	2.78	0.12
3.945	2.78	0.12
3.946	2.77	0.12
3.947	2.77	0.12
3.948	2.77	0.12
3.949	2.77	0.12
3.950	2.80	0.12
3.951	2.83	0.10
3.952	2.80	0.12
3.953	2.80	0.11
3.954	2.80	0.11
3.955	2.80	0.11
3.956	2.80	0.11
3.957	2.79	0.11
3.958	2.79	0.11
3.959	2.80	0.12
3.960	2.81	0.11
3.961	2.79	0.11
3.962	2.80	0.12
3.963	2.80	0.12
3.964	2.80	0.12
3.965	2.80	0.12
3.966	2.81	0.12
3.967	2.81	0.12
3.968	2.81	0.12
3.969	2.81	0.13
3.970	2.82	0.13
3.971	2.82	0.13
3.972	2.82	0.13
3.973	2.85	0.12
3.974	2.86	0.12
3.975	2.83	0.13
3.976	2.83	0.13
3.977	2.83	0.13
3.978	2.84	0.14
3.979	2.83	0.14
3.980	2.83	0.13
3.981	2.84	0.13
3.982	2.93	0.13
3.983	2.93	0.13
3.984	2.96	0.10
3.985	2.92	0.13
3.986	2.91	0.12
3.987	2.91	0.12
3.988	2.90	0.12
3.989	2.89	0.12
3.990	2.88	0.12
3.991	2.87	0.12
3.992	2.86	0.12
3.993	2.86	0.12
3.994	2.85	0.12
3.995	2.85	0.12
3.996	2.84	0.12
3.997	2.83	0.12
3.998	2.83	0.12
3.999	2.82	0.13
4.000	2.81	0.11
4.001	2.82	0.13
4.002	2.77	0.13
4.003	2.82	0.13
4.004	2.80	0.13
4.005	2.85	0.10
4.006	2.84	0.11
4.007	2.85	0.11
4.008	2.86	0.11
4.009	2.86	0.11
4.010	2.86	0.12
4.011	2.86	0.12
4.012	2.85	0.12
4.013	2.85	0.12
4.014	2.84	0.12
4.015	2.83	0.11
4.016	2.86	0.10
4.017	2.84	0.10
4.018	2.84	0.10
4.019	2.82	0.11
4.020	2.82	0.11
4.021	2.81	0.11
4.022	2.81	0.11
4.023	2.76	0.12
4.024	2.75	0.13
4.025	2.75	0.13
4.026	2.75	0.13
4.027	2.79	0.15
4.028	2.79	0.15
4.029	2.79	0.15
4.030	2.80	0.15
4.031	2.80	0.15
4.032	2.81	0.16
4.033	2.82	0.16
4.034	2.82	0.16
4.035	2.83	0.16
4.036	2.83	0.16
4.037	2.86	0.14
4.038	2.84	0.15
4.039	2.85	0.14
4.040	2.84	0.14
4.041	2.85	0.16
4.042	2.86	0.15
4.043	2.86	0.16
4.044	2.86	0.15
4.045	2.87	0.16
4.046	2.84	0.17
4.047	2.87	0.16
4.048	2.86	0.16
4.049	2.85	0.15
4.050	2.84	0.15
4.051	2.88	0.13
4.052	2.82	0.14
4.053	2.82	0.13
4.054	2.81	0.14
4.055	2.80	0.14
4.056	2.80	0.14
4.057	2.79	0.14
4.058	2.79	0.14
4.059	2.77	0.13
4.060	2.79	0.13
4.061	2.77	0.14
4.062	2.78	0.14
4.063	2.79	0.14
4.064	2.79	0.14
4.065	2.79	0.14
4.066	2.79	0.13
4.067	2.80	0.14
4.068	2.80	0.14
4.069	2.80	0.14
4.070	2.80	0.14
4.071	2.81	0.14
4.072	2.80	0.13
4.073	2.80	0.13
4.074	2.82	0.13
4.075	2.81	0.14
4.076	2.84	0.12
4.077	2.80	0.13
4.078	2.80	0.12
4.079	2.79	0.13
4.080	2.79	0.13
4.081	2.80	0.14
4.082	2.81	0.14
4.083	2.81	0.14
4.084	2.79	0.13
4.085	2.82	0.13
4.086	2.81	0.14
4.087	2.82	0.14
4.088	2.82	0.14
4.089	2.82	0.14
4.090	2.83	0.14
4.091	2.82	0.14
4.092	2.82	0.14
4.093	2.82	0.15
4.094	2.82	0.14
4.095	2.82	0.14
4.096	2.83	0.14
4.097	2.83	0.14
4.098	2.83	0.15
4.099	2.82	0.14
4.100	2.82	0.14
4.101	2.81	0.14
4.102	2.80	0.14
4.103	2.82	0.15
4.104	2.82	0.15
4.105	2.79	0.13
4.106	2.82	0.15
4.107	2.82	0.15
4.108	2.84	0.15
4.109	2.84	0.15
4.110	2.85	0.14
4.111	2.82	0.16
4.112	2.81	0.17
4.113	2.81	0.17
4.114	2.82	0.16
4.115	2.82	0.16
4.116	2.83	0.17
4.117	2.88	0.15
4.118	2.88	0.15
4.119	2.89	0.14
4.120	2.86	0.13
4.121	2.86	0.14
4.122	2.86	0.14
4.123	2.86	0.14
4.124	2.86	0.14
4.125	2.86	0.14
4.126	2.87	0.14
4.127	2.87	0.14
4.128	2.87	0.14
4.129	2.87	0.14
4.130	2.87	0.12
4.131	2.85	0.16
4.132	2.84	0.15
4.133	2.85	0.16
4.134	2.85	0.15
4.135	2.84	0.16
4.136	2.84	0.16
4.137	2.84	0.16
4.138	2.84	0.14
4.139	2.84	0.16
4.140	2.85	0.15
4.141	2.84	0.15
4.142	2.84	0.15
4.143	2.82	0.15
4.144	2.83	0.15
4.145	2.83	0.15
4.146	2.83	0.15
4.147	2.83	0.15
4.148	2.83	0.15
4.149	2.83	0.15
4.150	2.83	0.15
4.151	2.82	0.15
4.152	2.83	0.15
4.153	2.83	0.15
4.154	2.82	0.15
4.155	2.82	0.15
4.156	2.84	0.16
4.157	2.84	0.15
4.158	2.84	0.15
4.159	2.83	0.15
4.160	2.83	0.13
4.161	2.85	0.14
4.162	2.85	0.14
4.163	2.85	0.14
4.164	2.85	0.14
4.165	2.85	0.14
4.166	2.83	0.16
4.167	2.83	0.15
4.168	2.81	0.14
4.169	2.80	0.15
4.170	2.80	0.14
4.171	2.79	0.14
4.172	2.78	0.14
4.173	2.79	0.14
4.174	2.79	0.14
4.175	2.81	0.14
4.176	2.80	0.14
4.177	2.81	0.15
4.178	2.84	0.13
4.179	2.83	0.15
4.180	2.80	0.15
4.181	2.80	0.15
4.182	2.79	0.15
4.183	2.79	0.15
4.184	2.78	0.15
4.185	2.78	0.14
4.186	2.79	0.14
4.187	2.79	0.14
4.188	2.80	0.14
4.189	2.81	0.14
4.190	2.82	0.14
4.191	2.84	0.14
4.192	2.85	0.14
4.193	2.86	0.14
4.194	2.88	0.14
4.195	2.89	0.14
4.196	2.90	0.13
4.197	2.91	0.13
4.198	2.91	0.13
4.199	2.92	0.13
4.200	2.85	0.12
4.201	2.86	0.13
4.202	2.86	0.13
4.203	2.87	0.13
4.204	2.87	0.13
4.205	2.83	0.13
4.206	2.86	0.14
4.207	2.86	0.14
4.208	2.84	0.13
4.209	2.85	0.13
4.210	2.84	0.13
4.211	2.85	0.13
4.212	2.85	0.13
4.213	2.85	0.13
4.214	2.83	0.12
4.215	2.83	0.12
4.216	2.83	0.12
4.217	2.83	0.12
4.218	2.84	0.13
4.219	2.84	0.13
4.220	2.84	0.13
4.221	2.84	0.13
4.222	2.83	0.12
4.223	2.81	0.14
4.224	2.81	0.14
4.225	2.81	0.13
4.226	2.82	0.13
4.227	2.82	0.13
4.228	2.82	0.13
4.229	2.80	0.12
4.230	2.80	0.12
4.231	2.80	0.12
4.232	2.80	0.12
4.233	2.80	0.12
4.234	2.80	0.13
4.235	2.82	0.12
4.236	2.82	0.13
4.237	2.80	0.13
4.238	2.81	0.13
4.239	2.80	0.13
4.240	2.80	0.13
4.241	2.80	0.13
4.242	2.80	0.14
4.243	2.79	0.13
4.244	2.81	0.14
4.245	2.82	0.12
4.246	2.81	0.14
4.247	2.82	0.14
4.248	2.82	0.14
4.249	2.82	0.14
4.250	2.82	0.13
4.251	2.83	0.14
4.252	2.83	0.14
4.253	2.84	0.14
4.254	2.85	0.12
4.255	2.84	0.15
4.256	2.82	0.14
4.257	2.80	0.13
4.258	2.82	0.14
4.259	2.82	0.15
4.260	2.83	0.14
4.261	2.83	0.15
4.262	2.83	0.16
4.263	2.82	0.15
4.264	2.81	0.15
4.265	2.80	0.15
4.266	2.79	0.14
4.267	2.79	0.13
4.268	2.79	0.15
4.269	2.80	0.14
4.270	2.80	0.15
4.271	2.81	0.16
4.272	2.81	0.17
4.273	2.81	0.17
4.274	2.81	0.18
4.275	2.81	0.17
4.276	2.80	0.17
4.277	2.80	0.17
4.278	2.80	0.17
4.279	2.80	0.18
4.280	2.78	0.14
4.281	2.78	0.14
4.282	2.78	0.14
4.283	2.78	0.14
4.284	2.79	0.14
4.285	2.79	0.15
4.286	2.82	0.14
4.287	2.81	0.14
4.288	2.80	0.15
4.289	2.80	0.15
4.290	2.78	0.12
4.291	2.80	0.15
4.292	2.80	0.15
4.293	2.80	0.15
4.294	2.79	0.16
4.295	2.80	0.13
4.296	2.78	0.14
4.297	2.77	0.14
4.298	2.77	0.13
4.299	2.79	0.12
4.300	2.76	0.14
4.301	2.81	0.12
4.302	2.78	0.12
4.303	2.79	0.13
4.304	2.79	0.13
4.305	2.80	0.13
4.306	2.79	0.13
4.307	2.79	0.13
4.308	2.79	0.13
4.309	2.79	0.13
4.310	2.79	0.13
4.311	2.79	0.12
4.312	2.80	0.13
4.313	2.82	0.14
4.314	2.83	0.13
4.315	2.81	0.13
4.316	2.83	0.12
4.317	2.82	0.13
4.318	2.81	0.13
4.319	2.81	0.13
4.320	2.82	0.13
4.321	2.82	0.14
4.322	2.85	0.15
4.323	2.85	0.15
4.324	2.85	0.15
4.325	2.85	0.15
4.326	2.85	0.15
4.327	2.85	0.15
4.328	2.86	0.15
4.329	2.87	0.15
4.330	2.87	0.15
4.331	2.86	0.15
4.332	2.86	0.15
4.333	2.84	0.15
4.334	2.86	0.15
4.335	2.85	0.14
4.336	2.86	0.15
4.337	2.86	0.15
4.338	2.89	0.13
4.339	2.86	0.14
4.340	2.88	0.13
4.341	2.87	0.14
4.342	2.87	0.14
4.343	2.88	0.15
4.344	2.91	0.11
4.345	2.88	0.15
4.346	2.88	0.15
4.347	2.88	0.15
4.348	2.87	0.15
4.349	2.87	0.14
4.350	2.86	0.14
4.351	2.86	0.14
4.352	2.85	0.13
4.353	2.84	0.13
4.354	2.85	0.14
4.355	2.85	0.14
4.356	2.81	0.14
4.357	2.84	0.14
4.358	2.83	0.13
4.359	2.82	0.13
4.360	2.84	0.10
4.361	2.84	0.10
4.362	2.84	0.10
4.363	2.84	0.10
4.364	2.84	0.10
4.365	2.85	0.10
4.366	2.84	0.11
4.367	2.85	0.11
4.368	2.85	0.11
4.369	2.85	0.11
4.370	2.86	0.11
4.371	2.86	0.11
4.372	2.85	0.10
4.373	2.85	0.10
4.374	2.84	0.09
4.375	2.86	0.10
4.376	2.86	0.10
4.377	2.86	0.10
4.378	2.85	0.10
4.379	2.85	0.10
4.380	2.82	0.11
4.381	2.81	0.11
4.382	2.81	0.11
4.383	2.81	0.11
4.384	2.81	0.11
4.385	2.81	0.11
4.386	2.81	0.11
4.387	2.81	0.11
4.388	2.81	0.11
4.389	2.81	0.10
4.390	2.82	0.10
4.391	2.80	0.11
4.392	2.81	0.10
4.393	2.83	0.09
4.394	2.82	0.10
4.395	2.82	0.10
4.396	2.83	0.11
4.397	2.83	0.11
4.398	2.83	0.11
4.399	2.83	0.11
4.400	2.83	0.11
4.401	2.80	0.14
4.402	2.86	0.13
4.403	2.86	0.13
4.404	2.85	0.15
4.405	2.87	0.14
4.406	2.88	0.14
4.407	2.88	0.13
4.408	2.87	0.13
4.409	2.87	0.13
4.410	2.88	0.12
4.411	2.86	0.12
4.412	2.88	0.13
4.413	2.89	0.13
4.414	2.89	0.13
4.415	2.89	0.13
4.416	2.89	0.13
4.417	2.90	0.14
4.418	2.90	0.14
4.419	2.90	0.14
4.420	2.88	0.12
4.421	2.89	0.14
4.422	2.89	0.12
4.423	2.88	0.12
4.424	2.85	0.11
4.425	2.83	0.14
4.426	2.88	0.12
4.427	2.87	0.12
4.428	2.86	0.13
4.429	2.86	0.13
4.430	2.86	0.13
4.431	2.87	0.13
4.432	2.86	0.12
4.433	2.86	0.12
4.434	2.86	0.11
4.435	2.85	0.12
4.436	2.85	0.12
4.437	2.85	0.12
4.438	2.86	0.12
4.439	2.85	0.11
4.440	2.86	0.12
4.441	2.84	0.12
4.442	2.85	0.12
4.443	2.86	0.10
4.444	2.84	0.12
4.445	2.84	0.12
4.446	2.80	0.12
4.447	2.84	0.11
4.448	2.85	0.11
4.449	2.85	0.11
4.450	2.87	0.09
4.451	2.86	0.10
4.452	2.87	0.10
4.453	2.87	0.11
4.454	2.87	0.11
4.455	2.87	0.11
4.456	2.87	0.11
4.457	2.88	0.11
4.458	2.90	0.11
4.459	2.91	0.11
4.460	2.92	0.11
4.461	2.91	0.11
4.462	2.91	0.11
4.463	2.91	0.11
4.464	2.90	0.11
4.465	2.89	0.11
4.466	2.89	0.11
4.467	2.89	0.11
4.468	2.88	0.11
4.469	2.83	0.13
4.470	2.87	0.11
4.471	2.84	0.13
4.472	2.83	0.13
4.473	2.83	0.13
4.474	2.82	0.13
4.475	2.81	0.12
4.476	2.81	0.11
4.477	2.81	0.11
4.478	2.81	0.11
4.479	2.80	0.12
4.480	2.82	0.09
4.481	2.82	0.11
4.482	2.83	0.11
4.483	2.82	0.11
4.484	2.83	0.11
4.485	2.83	0.11
4.486	2.83	0.12
4.487	2.83	0.12
4.488	2.84	0.12
4.489	2.84	0.12
4.490	2.84	0.12
4.491	2.86	0.11
4.492	2.85	0.12
4.493	2.89	0.09
4.494	2.86	0.11
4.495	2.86	0.12
4.496	2.87	0.13
4.497	2.87	0.14
4.498	2.88	0.14
4.499	2.89	0.14
4.500	2.88	0.14
4.501	2.89	0.13
4.502	2.88	0.14
4.503	2.88	0.14
4.504	2.88	0.14
4.505	2.88	0.14
4.506	2.88	0.14
4.507	2.88	0.14
4.508	2.81	0.15
4.509	2.86	0.13
4.510	2.88	0.12
4.511	2.90	0.13
4.512	2.83	0.16
4.513	2.90	0.14
4.514	2.91	0.14
4.515	2.94	0.12
4.516	2.92	0.15
4.517	2.92	0.15
4.518	2.92	0.15
4.519	2.92	0.15
4.520	2.92	0.14
4.521	2.92	0.15
4.522	2.93	0.13
4.523	2.92	0.13
4.524	2.92	0.15
4.525	2.92	0.15
4.526	2.92	0.15
4.527	2.92	0.15
4.528	2.94	0.16
4.529	2.94	0.15
4.530	2.95	0.16
4.531	2.94	0.16
4.532	2.95	0.15
4.533	2.94	0.16
4.534	2.86	0.18
4.535	2.93	0.16
4.536	2.92	0.17
4.537	2.92	0.17
4.538	2.91	0.15
4.539	2.92	0.14
4.540	2.89	0.13
4.541	2.89	0.13
4.542	2.89	0.13
4.543	2.88	0.13
4.544	2.87	0.12
4.545	2.87	0.12
4.546	2.86	0.12
4.547	2.85	0.11
4.548	2.85	0.11
4.549	2.84	0.11
4.550	2.83	0.11
4.551	2.83	0.10
4.552	2.83	0.11
4.553	2.82	0.11
4.554	2.82	0.11
4.555	2.82	0.11
4.556	2.82	0.11
4.557	2.80	0.12
4.558	2.83	0.11
4.559	2.84	0.11
4.560	2.84	0.11
4.561	2.83	0.12
4.562	2.84	0.13
4.563	2.85	0.12
4.564	2.83	0.13
4.565	2.85	0.12
4.566	2.81	0.15
4.567	2.81	0.15
4.568	2.81	0.14
4.569	2.82	0.14
4.570	2.82	0.14
4.571	2.82	0.14
4.572	2.82	0.14
4.573	2.82	0.14
4.574	2.80	0.14
4.575	2.82	0.14
4.576	2.84	0.13
4.577	2.83	0.12
4.578	2.83	0.13
4.579	2.78	0.13
4.580	2.84	0.12
4.581	2.82	0.12
4.582	2.82	0.12
4.583	2.82	0.13
4.584	2.82	0.13
4.585	2.83	0.13
4.586	2.82	0.12
4.587	2.84	0.14
4.588	2.85	0.14
4.589	2.86	0.14
4.590	2.84	0.11
4.591	2.83	0.12
4.592	2.83	0.12
4.593	2.87	0.10
4.594	2.84	0.12
4.595	2.85	0.12
4.596	2.87	0.14
4.597	2.88	0.14
4.598	2.88	0.14
4.599	2.88	0.14
4.600	2.89	0.12
4.601	2.87	0.14
4.602	2.81	0.15
4.603	2.82	0.15
4.604	2.82	0.14
4.605	2.82	0.14
4.606	2.82	0.14
4.607	2.84	0.12
4.608	2.84	0.14
4.609	2.85	0.15
4.610	2.85	0.15
4.611	2.85	0.15
4.612	2.85	0.15
4.613	2.86	0.15
4.614	2.85	0.15
4.615	2.88	0.13
4.616	2.88	0.13
4.617	2.88	0.13
4.618	2.89	0.14
4.619	2.89	0.14
4.620	2.90	0.14
4.621	2.89	0.13
4.622	2.90	0.14
4.623	2.88	0.14
4.624	2.81	0.16
4.625	2.84	0.16
4.626	2.85	0.14
4.627	2.85	0.14
4.628	2.84	0.14
4.629	2.86	0.11
4.630	2.82	0.14
4.631	2.82	0.14
4.632	2.82	0.14
4.633	2.81	0.14
4.634	2.82	0.14
4.635	2.82	0.14
4.636	2.83	0.14
4.637	2.83	0.14
4.638	2.83	0.14
4.639	2.84	0.14
4.640	2.85	0.12
4.641	2.84	0.14
4.642	2.83	0.15
4.643	2.83	0.15
4.644	2.84	0.15
4.645	2.82	0.14
4.646	2.83	0.15
4.647	2.77	0.16
4.648	2.83	0.15
4.649	2.82	0.14
4.650	2.82	0.14
4.651	2.82	0.12
4.652	2.82	0.13
4.653	2.82	0.13
4.654	2.82	0.12
4.655	2.82	0.12
4.656	2.83	0.13
4.657	2.83	0.13
4.658	2.85	0.12
4.659	2.85	0.13
4.660	2.86	0.13
4.661	2.90	0.12
4.662	2.87	0.14
4.663	2.88	0.15
4.664	2.89	0.15
4.665	2.89	0.15
4.666	2.89	0.15
4.667	2.89	0.15
4.668	2.88	0.14
4.669	2.87	0.14
4.670	2.85	0.12
4.671	2.86	0.13
4.672	2.86	0.13
4.673	2.85	0.12
4.674	2.81	0.13
4.675	2.85	0.12
4.676	2.86	0.12
4.677	2.84	0.14
4.678	2.86	0.12
4.679	2.86	0.12
4.680	2.86	0.12
4.681	2.86	0.12
4.682	2.86	0.12
4.683	2.87	0.12
4.684	2.86	0.11
4.685	2.84	0.11
4.686	2.83	0.11
4.687	2.82	0.11
4.688	2.80	0.11
4.689	2.81	0.11
4.690	2.78	0.12
4.691	2.83	0.11
4.692	2.84	0.11
4.693	2.85	0.11
4.694	2.86	0.11
4.695	2.87	0.11
4.696	2.88	0.12
4.697	2.89	0.12
4.698	2.93	0.10
4.699	2.89	0.12
4.700	2.89	0.11
4.701	2.89	0.11
4.702	2.87	0.10
4.703	2.87	0.11
4.704	2.87	0.10
4.705	2.87	0.11
4.706	2.87	0.12
4.707	2.87	0.12
4.708	2.86	0.12
4.709	2.86	0.12
4.710	2.86	0.12
4.711	2.86	0.12
4.712	2.84	0.12
4.713	2.86	0.11
4.714	2.86	0.11
4.715	2.86	0.11
4.716	2.90	0.12
4.717	2.90	0.12
4.718	2.90	0.12
4.719	2.89	0.12
4.720	2.87	0.11
4.721	2.87	0.11
4.722	2.87	0.11
4.723	2.85	0.11
4.724	2.84	0.11
4.725	2.84	0.11
4.726	2.84	0.11
4.727	2.83	0.11
4.728	2.84	0.10
4.729	2.83	0.11
4.730	2.82	0.10
4.731	2.82	0.11
4.732	2.82	0.11
4.733	2.83	0.12
4.734	2.84	0.11
4.735	2.82	0.11
4.736	2.85	0.11
4.737	2.86	0.11
4.738	2.86	0.11
4.739	2.81	0.11
4.740	2.85	0.10
4.741	2.86	0.11
4.742	2.84	0.11
4.743	2.85	0.11
4.744	2.85	0.11
4.745	2.84	0.11
4.746	2.83	0.11
4.747	2.82	0.10
4.748	2.82	0.10
4.749	2.83	0.10
4.750	2.85	0.11
4.751	2.87	0.10
4.752	2.87	0.11
4.753	2.88	0.10
4.754	2.88	0.10
4.755	2.89	0.10
4.756	2.90	0.11
4.757	2.85	0.12
4.758	2.93	0.11
4.759	2.92	0.12
4.760	2.92	0.12
4.761	2.91	0.12
4.762	2.89	0.11
4.763	2.88	0.11
4.764	2.87	0.11
4.765	2.87	0.11
4.766	2.86	0.11
4.767	2.86	0.10
4.768	2.84	0.12
4.769	2.85	0.12
4.770	2.85	0.11
4.771	2.86	0.11
4.772	2.86	0.11
4.773	2.87	0.10
4.774	2.87	0.12
4.775	2.88	0.13
4.776	2.88	0.13
4.777	2.91	0.12
4.778	2.91	0.11
4.779	2.92	0.12
4.780	2.89	0.13
4.781	2.92	0.11
4.782	2.92	0.12
4.783	2.92	0.12
4.784	2.91	0.12
4.785	2.91	0.12
4.786	2.90	0.12
4.787	2.90	0.12
4.788	2.90	0.12
4.789	2.90	0.12
4.790	2.89	0.12
4.791	2.90	0.13
4.792	2.90	0.12
4.793	2.90	0.13
4.794	2.90	0.13
4.795	2.89	0.13
4.796	2.89	0.12
4.797	2.90	0.13
4.798	2.91	0.11
4.799	2.90	0.12
4.800	2.98	0.13
4.801	2.93	0.13
4.802	2.93	0.12
4.803	2.94	0.13
4.804	2.90	0.14
4.805	2.85	0.14
4.806	2.90	0.13
4.807	2.90	0.13
4.808	2.90	0.13
4.809	2.84	0.14
4.810	2.85	0.14
4.811	2.85	0.14
4.812	2.85	0.14
4.813	2.85	0.14
4.814	2.85	0.14
4.815	2.84	0.15
4.816	2.86	0.14
4.817	2.85	0.14
4.818	2.87	0.15
4.819	2.88	0.14
4.820	2.89	0.13
4.821	2.88	0.13
4.822	2.88	0.13
4.823	2.88	0.12
4.824	2.87	0.11
4.825	2.88	0.12
4.826	2.88	0.12
4.827	2.89	0.13
4.828	2.89	0.13
4.829	2.89	0.13
4.830	2.90	0.13
4.831	2.88	0.14
4.832	2.89	0.12
4.833	2.88	0.12
4.834	2.88	0.11
4.835	2.87	0.13
4.836	2.87	0.12
4.837	2.87	0.12
4.838	2.86	0.12
4.839	2.85	0.12
4.840	2.85	0.12
4.841	2.85	0.15
4.842	2.85	0.15
4.843	2.86	0.16
4.844	2.86	0.17
4.845	2.87	0.17
4.846	2.87	0.18
4.847	2.88	0.18
4.848	2.88	0.19
4.849	2.88	0.18
4.850	2.88	0.18
4.851	2.84	0.21
4.852	2.88	0.18
4.853	2.89	0.18
4.854	2.89	0.18
4.855	2.89	0.18
4.856	2.89	0.18
4.857	2.88	0.16
4.858	2.88	0.17
4.859	2.88	0.17
4.860	2.88	0.16
4.861	2.87	0.15
4.862	2.87	0.14
4.863	2.86	0.14
4.864	2.83	0.15
4.865	2.86	0.14
4.866	2.87	0.14
4.867	2.85	0.16
4.868	2.85	0.17
4.869	2.85	0.17
4.870	2.89	0.13
4.871	2.87	0.15
4.872	2.86	0.15
4.873	2.86	0.15
4.874	2.85	0.15
4.875	2.85	0.15
4.876	2.85	0.15
4.877	2.85	0.15
4.878	2.84	0.15
4.879	2.84	0.13
4.880	2.84	0.14
4.881	2.83	0.13
4.882	2.82	0.14
4.883	2.82	0.14
4.884	2.86	0.12
4.885	2.81	0.14
4.886	2.81	0.14
4.887	2.81	0.14
4.888	2.82	0.15
4.889	2.83	0.15
4.890	2.84	0.15
4.891	2.85	0.16
4.892	2.86	0.17
4.893	2.88	0.17
4.894	2.89	0.16
4.895	2.88	0.16
4.896	2.88	0.16
4.897	2.89	0.15
4.898	2.89	0.15
4.899	2.89	0.15
4.900	2.89	0.13
4.901	2.89	0.15
4.902	2.89	0.14
4.903	2.88	0.14
4.904	2.87	0.14
4.905	2.87	0.14
4.906	2.87	0.14
4.907	2.87	0.14
4.908	2.88	0.14
4.909	2.88	0.15
4.910	2.88	0.15
4.911	2.88	0.16
4.912	2.89	0.17
4.913	2.89	0.16
4.914	2.89	0.19
4.915	2.89	0.19
4.916	2.88	0.19
4.917	2.87	0.19
4.918	2.90	0.17
4.919	2.87	0.19
4.920	2.87	0.16
4.921	2.85	0.18
4.922	2.85	0.17
4.923	2.84	0.17
4.924	2.85	0.16
4.925	2.83	0.16
4.926	2.83	0.15
4.927	2.83	0.15
4.928	2.88	0.14
4.929	2.84	0.16
4.930	2.84	0.17
4.931	2.84	0.16
4.932	2.84	0.16
4.933	2.84	0.16
4.934	2.86	0.15
4.935	2.82	0.16
4.936	2.83	0.16
4.937	2.83	0.16
4.938	2.83	0.16
4.939	2.84	0.16
4.940	2.85	0.16
4.941	2.84	0.17
4.942	2.85	0.17
4.943	2.85	0.17
4.944	2.85	0.17
4.945	2.89	0.15
4.946	2.85	0.17
4.947	2.85	0.17
4.948	2.85	0.17
4.949	2.85	0.17
4.950	2.85	0.17
4.951	2.82	0.16
4.952	2.84	0.17
4.953	2.84	0.16
4.954	2.83	0.16
4.955	2.83	0.15
4.956	2.82	0.14
4.957	2.82	0.13
4.958	2.80	0.14
4.959	2.80	0.14
4.960	2.81	0.13
4.961	2.79	0.14
4.962	2.81	0.14
4.963	2.81	0.15
4.964	2.81	0.14
4.965	2.81	0.15
4.966	2.81	0.16
4.967	2.81	0.16
4.968	2.82	0.17
4.969	2.82	0.15
4.970	2.80	0.16
4.971	2.84	0.13
4.972	2.80	0.15
4.973	2.79	0.15
4.974	2.79	0.14
4.975	2.79	0.14
4.976	2.79	0.14
4.977	2.79	0.13
4.978	2.82	0.12
4.979	2.80	0.13
4.980	2.79	0.12
4.981	2.80	0.13
4.982	2.80	0.13
4.983	2.80	0.13
4.984	2.80	0.14
4.985	2.80	0.14
4.986	2.80	0.15
4.987	2.80	0.15
4.988	2.80	0.16
4.989	2.80	0.17
4.990	2.80	0.14
4.991	2.77	0.18
4.992	2.76	0.18
4.993	2.75	0.16
4.994	2.75	0.16
4.995	2.75	0.17
4.996	2.75	0.17
4.997	2.73	0.15
4.998	2.75	0.17
4.999	2.75	0.18
5.000	2.75	0.16

