Age	OcnTemp	sigma
0	0	0.22
0.001	-0.26	0.19
0.002	-0.15	0.14
0.003	-0.07	0.11
0.004	-0.17	0.15
0.005	-0.16	0.23
0.006	-0.22	0.23
0.007	-0.11	0.25
0.008	-0.19	0.30
0.009	-0.31	0.34
0.01	-0.66	0.40
0.011	-0.89	0.39
0.012	-1.37	0.37
0.013	-1.81	0.39
0.014	-2.08	0.38
0.015	-2.48	0.43
0.016	-2.79	0.54
0.017	-2.96	0.63
0.018	-3.06	0.61
0.019	-3.28	0.58
0.02	-3.26	0.52
0.021	-3.18	0.56
0.022	-3.22	0.59
0.023	-3.33	0.59
0.024	-3.3	0.53
0.025	-3.31	0.46
0.026	-3.4	0.51
0.027	-3.43	0.57
0.028	-3.25	0.52
0.029	-3.13	0.33
0.03	-3.27	0.34
0.031	-3.26	0.37
0.032	-3.05	0.33
0.033	-3.11	0.36
0.034	-3.13	0.30
0.035	-3.05	0.28
0.036	-3.19	0.28
0.037	-3.29	0.32
0.038	-3.23	0.34
0.039	-3.33	0.38
0.04	-3.21	0.31
0.041	-3.2	0.31
0.042	-3.15	0.29
0.043	-2.99	0.27
0.044	-3.03	0.26
0.045	-2.98	0.28
0.046	-3.14	0.31
0.047	-3.16	0.26
0.048	-3.07	0.30
0.049	-2.88	0.25
0.05	-2.84	0.28
0.051	-2.72	0.28
0.052	-2.77	0.27
0.053	-2.85	0.29
0.054	-2.76	0.30
0.055	-2.74	0.31
0.056	-2.73	0.29
0.057	-2.78	0.31
0.058	-2.94	0.31
0.059	-2.99	0.29
0.06	-3.11	0.31
0.061	-3.07	0.33
0.062	-3.15	0.29
0.063	-3.28	0.45
0.064	-3.14	0.40
0.065	-3.11	0.48
0.066	-3.15	0.47
0.067	-3.01	0.41
0.068	-2.89	0.36
0.069	-2.8	0.33
0.07	-2.66	0.37
0.071	-2.51	0.39
0.072	-2.42	0.41
0.073	-2.14	0.37
0.074	-2.01	0.34
0.075	-1.81	0.35
0.076	-1.75	0.36
0.077	-1.78	0.31
0.078	-1.75	0.34
0.079	-1.54	0.31
0.08	-1.29	0.30
0.081	-1.22	0.28
0.082	-1.2	0.30
0.083	-1.2	0.29
0.084	-1.29	0.36
0.085	-1.41	0.36
0.086	-1.42	0.36
0.087	-1.55	0.36
0.088	-1.52	0.36
0.089	-1.46	0.38
0.09	-1.34	0.39
0.091	-1.3	0.39
0.092	-1.2	0.40
0.093	-1.14	0.39
0.094	-1.09	0.42
0.095	-1.02	0.42
0.096	-0.86	0.40
0.097	-0.78	0.46
0.098	-0.73	0.38
0.099	-0.75	0.42
0.1	-0.59	0.43
0.101	-0.66	0.43
0.102	-0.64	0.42
0.103	-0.6	0.41
0.104	-0.53	0.36
0.105	-0.66	0.37
0.106	-0.82	0.39
0.107	-1.04	0.38
0.108	-1.12	0.36
0.109	-1.03	0.34
0.11	-1.12	0.35
0.111	-1.08	0.40
0.112	-0.86	0.37
0.113	-0.85	0.41
0.114	-0.8	0.44
0.115	-0.8	0.48
0.116	-0.7	0.48
0.117	-0.5	0.39
0.118	-0.3	0.38
0.119	-0.2	0.36
0.12	0	0.29
0.121	0.2	0.30
0.122	0.3	0.29
0.123	0.4	0.32
0.124	0.5	0.32
0.125	0.5	0.33
0.126	0.5	0.44
0.127	0.5	0.44
0.128	0.3	0.49
0.129	0.1	0.67
0.13	-0.4	0.70
0.131	-1.15	0.61
0.132	-1.37	0.61
0.133	-1.66	0.64
0.134	-1.87	0.60
0.135	-2.07	0.55
0.136	-2.12	0.45
0.137	-2.25	0.43
0.138	-2.36	0.41
0.139	-2.48	0.36
0.14	-2.45	0.39
0.141	-2.45	0.38
0.142	-2.52	0.51
0.143	-2.52	0.59
0.144	-2.66	0.65
0.145	-2.55	0.54
0.146	-2.45	0.44
0.147	-2.54	0.49
0.148	-2.57	0.40
0.149	-2.54	0.37
0.15	-2.64	0.44
0.151	-2.57	0.42
0.152	-2.49	0.37
0.153	-2.61	0.50
0.154	-2.91	0.56
0.155	-3.03	0.58
0.156	-3.01	0.57
0.157	-3.2	0.56
0.158	-3.14	0.55
0.159	-3.02	0.49
0.16	-2.72	0.44
0.161	-2.51	0.42
0.162	-2.72	0.42
0.163	-2.69	0.35
0.164	-2.59	0.33
0.165	-2.59	0.38
0.166	-2.65	0.49
0.167	-2.78	0.43
0.168	-2.89	0.45
0.169	-2.5	0.38
0.17	-2.43	0.30
0.171	-2.36	0.28
0.172	-2.5	0.41
0.173	-2.44	0.40
0.174	-2.5	0.43
0.175	-2.54	0.55
0.176	-2.36	0.60
0.177	-2.39	0.64
0.178	-2.46	0.56
0.179	-2.27	0.44
0.18	-2.24	0.41
0.181	-2.39	0.42
0.182	-2.52	0.44
0.183	-2.42	0.39
0.184	-2.29	0.41
0.185	-2.21	0.42
0.186	-2.19	0.41
0.187	-2.12	0.37
0.188	-1.99	0.36
0.189	-1.94	0.31
0.19	-1.92	0.34
0.191	-1.76	0.33
0.192	-1.52	0.39
0.193	-1.65	0.43
0.194	-1.63	0.42
0.195	-1.6	0.41
0.196	-1.52	0.40
0.197	-1.4	0.38
0.198	-1.19	0.38
0.199	-1.11	0.37
0.2	-1.08	0.36
0.201	-1.01	0.34
0.202	-0.9	0.34
0.203	-0.83	0.34
0.204	-0.87	0.35
0.205	-0.92	0.33
0.206	-0.92	0.36
0.207	-0.87	0.34
0.208	-0.77	0.36
0.209	-0.75	0.40
0.21	-0.76	0.45
0.211	-0.71	0.44
0.212	-0.67	0.46
0.213	-0.62	0.50
0.214	-0.71	0.48
0.215	-0.75	0.44
0.216	-0.75	0.43
0.217	-0.92	0.42
0.218	-1.13	0.40
0.219	-1.48	0.40
0.22	-1.67	0.40
0.221	-1.76	0.40
0.222	-1.93	0.41
0.223	-1.98	0.41
0.224	-1.95	0.40
0.225	-1.96	0.40
0.226	-1.98	0.41
0.227	-1.92	0.43
0.228	-1.93	0.45
0.229	-1.9	0.45
0.23	-1.87	0.42
0.231	-1.76	0.42
0.232	-1.61	0.45
0.233	-1.59	0.47
0.234	-1.54	0.48
0.235	-1.46	0.47
0.236	-1.31	0.47
0.237	-1.1	0.49
0.238	-0.97	0.51
0.239	-0.82	0.52
0.24	-0.77	0.51
0.241	-0.83	0.50
0.242	-1.09	0.51
0.243	-1.31	0.48
0.244	-1.44	0.48
0.245	-1.39	0.52
0.246	-1.74	0.45
0.247	-2.02	0.42
0.248	-2.21	0.41
0.249	-2.36	0.39
0.25	-2.42	0.37
0.251	-2.58	0.40
0.252	-2.47	0.37
0.253	-2.59	0.41
0.254	-2.66	0.42
0.255	-2.59	0.39
0.256	-2.58	0.42
0.257	-2.56	0.38
0.258	-2.58	0.38
0.259	-2.58	0.37
0.26	-2.65	0.35
0.261	-2.68	0.36
0.262	-2.85	0.42
0.263	-2.67	0.41
0.264	-2.81	0.45
0.265	-2.78	0.42
0.266	-2.82	0.44
0.267	-2.93	0.47
0.268	-3.03	0.51
0.269	-3.18	0.51
0.27	-3.06	0.53
0.271	-2.94	0.57
0.272	-2.88	0.55
0.273	-3.1	0.58
0.274	-2.98	0.58
0.275	-2.85	0.55
0.276	-2.83	0.55
0.277	-2.67	0.55
0.278	-2.58	0.53
0.279	-2.52	0.53
0.28	-2.41	0.54
0.281	-2.39	0.51
0.282	-2.2	0.48
0.283	-1.98	0.47
0.284	-1.79	0.48
0.285	-1.69	0.46
0.286	-1.65	0.46
0.287	-1.68	0.43
0.288	-1.83	0.38
0.289	-1.8	0.40
0.29	-1.89	0.39
0.291	-1.96	0.37
0.292	-2.1	0.38
0.293	-2.36	0.39
0.294	-2.36	0.37
0.295	-2.31	0.41
0.296	-2.15	0.42
0.297	-2.19	0.38
0.298	-2.1	0.38
0.299	-2.1	0.43
0.3	-2.14	0.42
0.301	-2.05	0.41
0.302	-1.97	0.40
0.303	-1.87	0.40
0.304	-1.78	0.39
0.305	-1.77	0.38
0.306	-1.71	0.40
0.307	-1.71	0.38
0.308	-1.53	0.38
0.309	-1.4	0.39
0.31	-1.34	0.39
0.311	-1.26	0.37
0.312	-1.2	0.35
0.313	-1.05	0.40
0.314	-1.1	0.34
0.315	-1.23	0.34
0.316	-1.23	0.35
0.317	-1.25	0.35
0.318	-1.3	0.36
0.319	-1.12	0.36
0.32	-0.94	0.40
0.321	-0.8	0.39
0.322	-0.69	0.39
0.323	-0.65	0.38
0.324	-0.54	0.39
0.325	-0.45	0.41
0.326	-0.32	0.44
0.327	-0.33	0.45
0.328	-0.21	0.46
0.329	-0.1	0.45
0.33	-0.11	0.43
0.331	-0.07	0.45
0.332	-0.16	0.47
0.333	-0.46	0.45
0.334	-0.64	0.49
0.335	-1.01	0.47
0.336	-1.24	0.46
0.337	-1.68	0.50
0.338	-1.77	0.55
0.339	-2.07	0.56
0.34	-2.25	0.65
0.341	-2.62	0.61
0.342	-2.75	0.63
0.343	-2.67	0.62
0.344	-2.75	0.59
0.345	-2.91	0.58
0.346	-2.98	0.57
0.347	-2.99	0.51
0.348	-2.96	0.45
0.349	-2.86	0.41
0.35	-2.94	0.38
0.351	-3.04	0.44
0.352	-2.95	0.46
0.353	-2.9	0.50
0.354	-3.01	0.53
0.355	-3.16	0.52
0.356	-3.04	0.56
0.357	-3.07	0.52
0.358	-2.91	0.50
0.359	-2.92	0.47
0.36	-2.78	0.47
0.361	-3.01	0.45
0.362	-3.26	0.53
0.363	-3.25	0.51
0.364	-3.13	0.52
0.365	-3.19	0.49
0.366	-3.13	0.48
0.367	-3.12	0.48
0.368	-3.13	0.51
0.369	-2.97	0.50
0.37	-2.93	0.47
0.371	-2.86	0.45
0.372	-2.88	0.42
0.373	-3.06	0.49
0.374	-2.96	0.49
0.375	-2.87	0.48
0.376	-2.78	0.47
0.377	-2.59	0.47
0.378	-2.48	0.46
0.379	-2.3	0.44
0.38	-2.2	0.43
0.381	-2.12	0.41
0.382	-2.12	0.39
0.383	-2.01	0.39
0.384	-1.98	0.44
0.385	-2.09	0.52
0.386	-2.17	0.59
0.387	-1.62	0.38
0.388	-1.76	0.43
0.389	-1.71	0.42
0.39	-1.61	0.44
0.391	-1.45	0.49
0.392	-1.21	0.53
0.393	-1.26	0.50
0.394	-1.29	0.49
0.395	-1.22	0.46
0.396	-1.32	0.46
0.397	-0.93	0.51
0.398	-1	0.53
0.399	-0.82	0.53
0.4	-0.55	0.55
0.401	-0.34	0.57
0.402	-0.09	0.59
0.403	0.27	0.68
0.404	0.5	0.77
0.405	0.25	0.59
0.406	0.16	0.51
0.407	0.2	0.47
0.408	0.17	0.44
0.409	0.29	0.48
0.41	0.12	0.41
0.411	-0.11	0.38
0.412	-0.12	0.40
0.413	0.03	0.49
0.414	-0.2	0.42
0.415	-0.09	0.51
0.416	-0.18	0.52
0.417	-0.82	0.46
0.418	-0.96	0.51
0.419	-1.16	0.54
0.42	-1.57	0.60
0.421	-1.88	0.66
0.422	-2.11	0.63
0.423	-2.3	0.63
0.424	-2.52	0.67
0.425	-2.63	0.69
0.426	-2.76	0.69
0.427	-2.86	0.68
0.428	-3.01	0.68
0.429	-2.9	0.64
0.43	-2.88	0.60
0.431	-3.12	0.62
0.432	-3.2	0.65
0.433	-3.28	0.62
0.434	-3.33	0.61
0.435	-3.38	0.60
0.436	-3.24	0.61
0.437	-3.43	0.55
0.438	-3.52	0.56
0.439	-3.53	0.57
0.44	-3.43	0.55
0.441	-3.43	0.55
0.442	-3.39	0.56
0.443	-3.47	0.55
0.444	-3.52	0.55
0.445	-3.5	0.55
0.446	-3.56	0.55
0.447	-3.58	0.54
0.448	-3.56	0.55
0.449	-3.48	0.54
0.45	-3.43	0.56
0.451	-3.36	0.54
0.452	-3.43	0.53
0.453	-3.59	0.53
0.454	-3.62	0.53
0.455	-3.65	0.47
0.456	-3.71	0.50
0.457	-3.74	0.51
0.458	-3.66	0.44
0.459	-3.69	0.46
0.46	-3.84	0.48
0.461	-3.96	0.51
0.462	-3.97	0.48
0.463	-3.91	0.50
0.464	-3.79	0.50
0.465	-3.76	0.50
0.466	-3.8	0.51
0.467	-3.74	0.51
0.468	-3.67	0.52
0.469	-3.61	0.53
0.47	-3.48	0.53
0.471	-3.61	0.57
0.472	-3.32	0.53
0.473	-3.2	0.51
0.474	-3.05	0.50
0.475	-2.91	0.52
0.476	-2.87	0.52
0.477	-2.81	0.54
0.478	-2.72	0.55
0.479	-2.54	0.59
0.48	-2.49	0.54
0.481	-2.53	0.54
0.482	-2.36	0.53
0.483	-2.08	0.55
0.484	-2.13	0.52
0.485	-2.17	0.51
0.486	-2.19	0.52
0.487	-2.17	0.53
0.488	-2.09	0.53
0.489	-1.89	0.52
0.49	-1.64	0.52
0.491	-1.57	0.53
0.492	-1.57	0.51
0.493	-1.54	0.51
0.494	-1.48	0.54
0.495	-1.53	0.54
0.496	-1.46	0.56
0.497	-1.37	0.50
0.498	-1.35	0.44
0.499	-1.3	0.44
0.5	-1.36	0.43
0.501	-1.44	0.43
0.502	-1.49	0.43
0.503	-1.52	0.42
0.504	-1.58	0.42
0.505	-1.65	0.43
0.506	-1.72	0.45
0.507	-1.81	0.47
0.508	-1.91	0.50
0.509	-2.1	0.53
0.51	-2	0.58
0.511	-1.99	0.59
0.512	-2.01	0.61
0.513	-2.06	0.61
0.514	-2.1	0.62
0.515	-2.14	0.63
0.516	-2.18	0.61
0.517	-2.09	0.63
0.518	-2.14	0.62
0.519	-2.1	0.65
0.52	-2.13	0.65
0.521	-2.15	0.65
0.522	-2.11	0.63
0.523	-2.07	0.62
0.524	-2.09	0.63
0.525	-2.15	0.65
0.526	-2.14	0.68
0.527	-2.2	0.66
0.528	-2.3	0.65
0.529	-2.22	0.62
0.53	-2.38	0.61
0.531	-2.45	0.55
0.532	-2.44	0.52
0.533	-2.62	0.51
0.534	-2.72	0.50
0.535	-2.82	0.49
0.536	-2.88	0.49
0.537	-2.91	0.50
0.538	-2.95	0.52
0.539	-3.04	0.55
0.54	-3.02	0.58
0.541	-3.13	0.57
0.542	-3.15	0.58
0.543	-2.92	0.57
0.544	-3	0.55
0.545	-2.86	0.53
0.546	-2.73	0.51
0.547	-2.7	0.50
0.548	-2.65	0.50
0.549	-2.66	0.49
0.55	-2.62	0.48
0.551	-2.62	0.48
0.552	-2.57	0.46
0.553	-2.47	0.45
0.554	-2.3	0.46
0.555	-2.37	0.45
0.556	-2.36	0.45
0.557	-2.4	0.44
0.558	-2.23	0.45
0.559	-2.23	0.45
0.56	-2.07	0.46
0.561	-2.09	0.45
0.562	-2.01	0.45
0.563	-1.94	0.45
0.564	-1.81	0.45
0.565	-1.64	0.45
0.566	-1.54	0.45
0.567	-1.41	0.46
0.568	-1.38	0.43
0.569	-1.48	0.39
0.57	-1.48	0.38
0.571	-1.5	0.39
0.572	-1.47	0.41
0.573	-1.27	0.41
0.574	-1.17	0.41
0.575	-1.07	0.40
0.576	-1.06	0.40
0.577	-1.07	0.40
0.578	-1.16	0.40
0.579	-1.21	0.41
0.58	-1.36	0.43
0.581	-1.53	0.47
0.582	-1.54	0.47
0.583	-1.51	0.49
0.584	-1.35	0.45
0.585	-1.36	0.47
0.586	-1.36	0.48
0.587	-1.42	0.50
0.588	-1.47	0.51
0.589	-1.41	0.52
0.59	-1.28	0.54
0.591	-1.33	0.54
0.592	-1.52	0.60
0.593	-1.45	0.54
0.594	-1.31	0.49
0.595	-1.15	0.45
0.596	-1	0.43
0.597	-1.01	0.41
0.598	-1.08	0.42
0.599	-1.05	0.42
0.6	-1.05	0.44
0.601	-0.86	0.43
0.602	-0.85	0.42
0.603	-0.76	0.42
0.604	-0.74	0.43
0.605	-0.68	0.44
0.606	-0.64	0.44
0.607	-0.64	0.44
0.608	-0.75	0.42
0.609	-0.85	0.42
0.61	-0.86	0.43
0.611	-0.93	0.44
0.612	-0.99	0.44
0.613	-1.01	0.44
0.614	-1.09	0.46
0.615	-1.2	0.48
0.616	-1.38	0.56
0.617	-1.49	0.51
0.618	-1.45	0.50
0.619	-1.55	0.50
0.62	-1.62	0.51
0.621	-1.72	0.51
0.622	-1.89	0.52
0.623	-2.05	0.53
0.624	-2.27	0.54
0.625	-2.47	0.57
0.626	-2.58	0.59
0.627	-2.65	0.59
0.628	-2.74	0.62
0.629	-2.84	0.59
0.63	-2.89	0.55
0.631	-2.92	0.53
0.632	-2.89	0.52
0.633	-2.86	0.51
0.634	-2.88	0.51
0.635	-2.86	0.53
0.636	-2.84	0.53
0.637	-2.9	0.53
0.638	-2.75	0.54
0.639	-2.74	0.54
0.64	-2.68	0.55
0.641	-2.65	0.56
0.642	-2.65	0.59
0.643	-2.53	0.61
0.644	-2.51	0.64
0.645	-2.26	0.60
0.646	-2.43	0.54
0.647	-2.45	0.53
0.648	-2.43	0.52
0.649	-2.47	0.51
0.65	-2.56	0.50
0.651	-2.52	0.47
0.652	-2.76	0.49
0.653	-2.63	0.48
0.654	-2.57	0.48
0.655	-2.53	0.48
0.656	-2.41	0.49
0.657	-2.42	0.48
0.658	-2.52	0.47
0.659	-2.56	0.46
0.66	-2.57	0.47
0.661	-2.6	0.48
0.662	-2.63	0.48
0.663	-2.67	0.48
0.664	-2.64	0.46
0.665	-2.61	0.45
0.666	-2.56	0.48
0.667	-2.63	0.49
0.668	-2.63	0.53
0.669	-2.73	0.53
0.67	-2.73	0.54
0.671	-2.75	0.54
0.672	-2.76	0.54
0.673	-2.87	0.54
0.674	-2.77	0.52
0.675	-2.64	0.51
0.676	-2.67	0.48
0.677	-2.52	0.47
0.678	-2.44	0.47
0.679	-2.38	0.48
0.68	-2.37	0.49
0.681	-2.32	0.50
0.682	-2.22	0.48
0.683	-2	0.48
0.684	-2	0.48
0.685	-2.12	0.50
0.686	-2.14	0.53
0.687	-1.84	0.48
0.688	-1.54	0.46
0.689	-1.04	0.49
0.69	-1.02	0.48
0.691	-1.15	0.49
0.692	-1.15	0.49
0.693	-0.92	0.47
0.694	-1.45	0.61
0.695	-1.42	0.62
0.696	-1.43	0.61
0.697	-1.39	0.57
0.698	-1.22	0.55
0.699	-1.12	0.53
0.7	-1.02	0.52
0.701	-1.04	0.52
0.702	-1.02	0.52
0.703	-1.18	0.58
0.704	-1.07	0.51
0.705	-0.94	0.48
0.706	-0.92	0.43
0.707	-1.01	0.42
0.708	-1.24	0.43
0.709	-1.38	0.46
0.71	-1.56	0.49
0.711	-1.74	0.52
0.712	-2.08	0.56
0.713	-2.19	0.52
0.714	-2.31	0.48
0.715	-2.8	0.50
0.716	-2.76	0.48
0.717	-2.81	0.48
0.718	-2.83	0.48
0.719	-2.85	0.47
0.72	-2.82	0.46
0.721	-2.77	0.45
0.722	-2.74	0.45
0.723	-2.63	0.44
0.724	-2.59	0.45
0.725	-2.54	0.47
0.726	-2.6	0.49
0.727	-2.63	0.49
0.728	-2.61	0.50
0.729	-2.53	0.51
0.73	-2.44	0.52
0.731	-2.31	0.53
0.732	-2.26	0.52
0.733	-2.3	0.50
0.734	-2.22	0.50
0.735	-2.18	0.51
0.736	-2.05	0.51
0.737	-1.97	0.51
0.738	-1.94	0.49
0.739	-1.95	0.48
0.74	-2.01	0.46
0.741	-2.11	0.45
0.742	-2.2	0.45
0.743	-2.25	0.45
0.744	-2.35	0.46
0.745	-2.42	0.47
0.746	-2.58	0.43
0.747	-2.66	0.40
0.748	-2.6	0.37
0.749	-2.46	0.35
0.75	-2.36	0.33
0.751	-2.32	0.31
0.752	-2.33	0.29
0.753	-2.38	0.31
0.754	-2.34	0.31
0.755	-2.4	0.35
0.756	-2.25	0.33
0.757	-2.43	0.35
0.758	-2.39	0.40
0.759	-2.54	0.45
0.76	-2.33	0.40
0.761	-2.14	0.36
0.762	-1.96	0.38
0.763	-2	0.38
0.764	-1.88	0.35
0.765	-2.01	0.38
0.766	-1.98	0.37
0.767	-1.99	0.38
0.768	-1.98	0.39
0.769	-2.04	0.40
0.77	-2.09	0.40
0.771	-2.06	0.42
0.772	-1.98	0.46
0.773	-1.91	0.47
0.774	-1.8	0.47
0.775	-1.68	0.45
0.776	-1.49	0.43
0.777	-1.38	0.40
0.778	-1.14	0.40
0.779	-1.34	0.41
0.78	-1.17	0.38
0.781	-1	0.37
0.782	-0.89	0.33
0.783	-0.84	0.33
0.784	-0.92	0.30
0.785	-1.13	0.32
0.786	-1.35	0.37
0.787	-1.52	0.36
0.788	-1.7	0.36
0.789	-2.03	0.38
0.79	-2.34	0.41
0.791	-2.61	0.44
0.792	-2.69	0.40
0.793	-3.12	0.42
0.794	-3.67	0.48
0.795	-3.83	0.45
0.796	-3.95	0.48
0.797	-3.9	0.47
0.798	-3.62	0.43
0.799	-3.81	0.45
0.8	-3.73	0.43
0.801	-4.01	0.48
0.802	-3.85	0.44
0.803	-3.85	0.45
0.804	-3.8	0.44
0.805	-3.9	0.41
0.806	-3.84	0.40
0.807	-3.73	0.41
0.808	-3.6	0.41
0.809	-3.52	0.41
0.81	-3.13	0.36
0.811	-2.79	0.37
0.812	-2.67	0.38
0.813	-2.67	0.39
0.814	-2.58	0.41
0.815	-2.55	0.39
0.816	-2.52	0.37
0.817	-2.51	0.40
0.818	-2.47	0.44
0.819	-2.31	0.44
0.82	-2.13	0.43
0.821	-2.07	0.41
0.822	-1.97	0.40
0.823	-1.92	0.38
0.824	-1.94	0.40
0.825	-1.99	0.42
0.826	-2.03	0.44
0.827	-2.02	0.45
0.828	-2.1	0.47
0.829	-2.11	0.47
0.83	-2.14	0.47
0.831	-1.98	0.47
0.832	-1.96	0.46
0.833	-1.79	0.46
0.834	-1.7	0.43
0.835	-1.73	0.42
0.836	-1.66	0.41
0.837	-1.68	0.41
0.838	-1.62	0.41
0.839	-1.6	0.39
0.84	-1.53	0.37
0.841	-1.41	0.35
0.842	-1.23	0.33
0.843	-1.2	0.32
0.844	-1.04	0.32
0.845	-1.03	0.32
0.846	-1.03	0.31
0.847	-1.07	0.31
0.848	-1.1	0.31
0.849	-1.19	0.34
0.85	-1.24	0.36
0.851	-1.51	0.39
0.852	-1.42	0.37
0.853	-1.23	0.36
0.854	-1.07	0.35
0.855	-0.93	0.36
0.856	-0.9	0.37
0.857	-0.78	0.39
0.858	-0.76	0.40
0.859	-0.83	0.38
0.86	-0.86	0.37
0.861	-1.1	0.38
0.862	-1.42	0.38
0.863	-1.69	0.39
0.864	-1.97	0.40
0.865	-2.34	0.42
0.866	-2.53	0.41
0.867	-2.79	0.40
0.868	-2.79	0.40
0.869	-2.98	0.37
0.87	-3.03	0.38
0.871	-3.17	0.36
0.872	-3.29	0.36
0.873	-3.3	0.37
0.874	-3.35	0.38
0.875	-3.24	0.36
0.876	-3.22	0.31
0.877	-3.19	0.30
0.878	-3.1	0.32
0.879	-3.32	0.38
0.88	-3.38	0.40
0.881	-3.66	0.41
0.882	-3.56	0.41
0.883	-3.6	0.39
0.884	-3.64	0.38
0.885	-3.72	0.38
0.886	-3.7	0.38
0.887	-3.52	0.39
0.888	-3.61	0.38
0.889	-3.38	0.35
0.89	-3.28	0.33
0.891	-3.05	0.33
0.892	-3.01	0.33
0.893	-2.97	0.32
0.894	-2.91	0.32
0.895	-2.88	0.32
0.896	-2.89	0.32
0.897	-2.87	0.31
0.898	-2.83	0.31
0.899	-2.7	0.30
0.9	-2.6777666756	0.30
0.901	-2.545750017	0.30
0.902	-2.493750025	0.30
0.903	-2.3322000312	0.31
0.904	-2.250583371	0.31
0.905	-2.2586500454	0.30
0.906	-2.2368750525	0.30
0.907	-2.2548667272	0.30
0.908	-2.2033500666	0.29
0.909	-2.171750073	0.29
0.91	-2.1302917455	0.30
0.911	-2.0493000828	0.27
0.912	-2.1662750949	0.26
0.913	-2.322583443	0.28
0.914	-2.3206251175	0.29
0.915	-2.4568001328	0.29
0.916	-2.661750153	0.30
0.917	-2.9254501782	0.32
0.918	-3.0017085265	0.35
0.919	-3.14666688	0.34
0.92	-3.2127752289	0.32
0.921	-3.3474835834	0.31
0.922	-3.4231086009	0.30
0.923	-3.3908002768	0.30
0.924	-3.3389586175	0.30
0.925	-3.2187169518	0.30
0.926	-3.1475502898	0.31
0.927	-3.2034669728	0.31
0.928	-3.1519419789	0.32
0.929	-3.051750313	0.32
0.93	-2.8932753069	0.31
0.931	-2.8324003104	0.30
0.932	-2.6938253047	0.28
0.933	-2.4194502822	0.28
0.934	-2.213500266	0.26
0.935	-2.1631002676	0.24
0.936	-2.1030919343	0.24
0.937	-2.033500266	0.25
0.938	-1.9059752561	0.26
0.939	-1.778666912	0.28
0.94	-1.8544002624	0.28
0.941	-1.785250259	0.27
0.942	-1.6294419089	0.28
0.943	-1.4642668896	0.28
0.944	-1.3956252175	0.30
0.945	-1.2597835342	0.32
0.946	-1.1818251927	0.35
0.947	-1.0368001728	0.36
0.948	-0.987941834900002	0.36
0.949	-0.881666820000002	0.37
0.95	-0.718125127500001	0.38
0.951	-0.688800124800001	0.38
0.952	-0.697758462300001	0.39
0.953	-0.678050127800001	0.39
0.954	-0.715625137500001	0.40
0.955	-0.734066810400002	0.40
0.956	-0.762000152000002	0.40
0.957	-0.913600185600002	0.38
0.958	-1.0364085477	0.36
0.959	-0.988000208000002	0.36
0.96	-1.0156085509	0.36
0.961	-1.1664502542	0.34
0.962	-1.2412252751	0.34
0.963	-1.3821336448	0.33
0.964	-1.551167022	0.34
0.965	-1.5970503718	0.35
0.966	-1.5956420441	0.34
0.967	-1.5848003808	0.33
0.968	-1.7153504186	0.30
0.969	-1.760917103	0.29
0.97	-1.6464587475	0.29
0.971	-1.5792004032	0.30
0.972	-1.4463170414	0.32
0.973	-1.5294837354	0.32
0.974	-1.53750041	0.33
0.975	-1.498667072	0.33
0.976	-1.5066920799	0.33
0.977	-1.4305503978	0.33
0.978	-1.4105920643	0.34
0.979	-1.409333736	0.34
0.98	-1.5013254347	0.34
0.981	-1.5558837898	0.37
0.982	-1.65688382580001	0.37
0.983	-1.86000056000001	0.41
0.984	-1.84904223050001	0.43
0.985	-1.83810056760001	0.44
0.986	-1.84572557710001	0.41
0.987	-1.81626724160001	0.38
0.988	-1.69427554290001	0.36
0.989	-1.62800052800001	0.35
0.99	-1.67274221570001	0.35
0.991	-1.70816723400001	0.37
0.992	-1.59592553630001	0.34
0.993	-1.52996718680001	0.34
0.994	-1.344417129	0.35
0.995	-1.2696004416	0.35
0.996	-1.1489587375	0.35
0.997	-1.1203670652	0.34
0.998	-1.0643003828	0.33
0.999	-1.02666704	0.31
1	-1.0440503838	0.30
1.001	-1.0156503774	0.30
1.002	-0.996442040900004	0.28
1.003	-1.187333784	0.33
1.004	-1.27750049000001	0.31
1.005	-1.27633382800001	0.30
1.006	-1.24784215530001	0.31
1.007	-1.25580049680001	0.31
1.008	-1.32738386380001	0.30
1.009	-1.36250055000001	0.31
1.01	-1.41570057720001	0.32
1.011	-1.38720057120001	0.32
1.012	-1.41310058760001	0.32
1.013	-1.33035055860001	0.33
1.014	-1.32912556350001	0.32
1.015	-1.21950052200001	0.32
1.016	-1.17325050700001	0.32
1.017	-1.0639671308	0.33
1.018	-1.0179421149	0.32
1.019	-0.900000400000004	0.32
1.02	-0.881183728600004	0.33
1.021	-0.772567016400004	0.33
1.022	-0.655175299300003	0.32
1.023	-0.690433651600003	0.35
1.024	-0.671875312500003	0.35
1.025	-0.599650281400003	0.35
1.026	-0.536500254000003	0.34
1.027	-0.464533555200002	0.32
1.028	-0.464100223600002	0.31
1.029	-0.463666892000002	0.31
1.03	-0.534500262000003	0.30
1.031	-0.623000308000003	0.30
1.032	-0.720225359100004	0.30
1.033	-0.826150415400004	0.30
1.034	-0.914125463500005	0.29
1.035	-1.01080051680001	0.29
1.036	-1.16044226490001	0.29
1.037	-1.22130063480001	0.30
1.038	-1.36161738020001	0.30
1.039	-1.42216741800001	0.30
1.04	-1.35022571910001	0.31
1.041	-1.44593410960001	0.31
1.042	-1.36529240550001	0.30
1.043	-1.30240071040001	0.31
1.044	-1.23962568150001	0.32
1.045	-1.22088400980001	0.33
1.046	-1.28992572030001	0.34
1.047	-1.35006742640001	0.33
1.048	-1.43636748120001	0.32
1.049	-1.47000084000001	0.31
1.05	-1.45985917390001	0.30
1.051	-1.46720085120001	0.31
1.052	-1.52687589250001	0.32
1.053	-1.45568419060001	0.33
1.054	-1.43687585250001	0.34
1.055	-1.28760076960001	0.31
1.056	-1.36459248830001	0.28
1.057	-1.23303408120001	0.28
1.058	-1.17112571550001	0.29
1.059	-1.17000072000001	0.28
1.06	-1.12558403100001	0.29
1.061	-0.994750621000006	0.30
1.062	-0.812317177400005	0.30
1.063	-0.673400426400004	0.29
1.064	-0.508875324500003	0.30
1.065	-0.327433543600002	0.30
1.066	-0.137733422400001	0.29
1.067	-0.0172000112000001	0.28
1.068	0.0859167230000006	0.27
1.069	0.163083441000001	0.27
1.07	0.197225131100001	0.28
1.071	0.171333448000001	0.28
1.072	0.171166782000001	0.29
1.073	0.196650133400001	0.29
1.074	0.170833450000001	0.30
1.075	0.204800140800001	0.29
1.076	0.213125147500001	0.27
1.077	0.153300106800001	0.26
1.078	0.187183464600001	0.25
1.079	0.238000168000002	0.23
1.08	0.297208544500002	0.23
1.081	0.330850236600002	0.22
1.082	0.313575225700002	0.23
1.083	0.237066838400002	0.24
1.084	0.160708450500001	0.26
1.085	0.126750093000001	0.25
1.086	-0.101300074800001	0.24
1.087	-0.202400150400002	0.23
1.088	-0.404400302400003	0.21
1.089	-0.446083669000003	0.22
1.09	-0.554950420200004	0.22
1.091	-0.562800428800004	0.22
1.092	-0.604200463200005	0.23
1.093	-0.796417281000006	0.23
1.094	-0.938000728000008	0.24
1.095	-1.07093416960001	0.24
1.096	-1.16180924610001	0.25
1.097	-1.17735093060001	0.26
1.098	-1.08441752900001	0.28
1.099	-1.20833430000001	0.33
1.1	-1.09057587770001	0.31
1.101	-1.08948421540001	0.31
1.102	-1.16316761400001	0.32
1.103	-1.22840100640001	0.34
1.104	-1.16912596350001	0.36
1.105	-1.05198420540001	0.34
1.106	-0.868875724500007	0.33
1.107	-0.801867339200007	0.33
1.108	-0.635892203100006	0.33
1.109	-0.610500518000005	0.31
1.11	-0.329666948000003	0.28
1.111	-0.518700445200005	0.27
1.112	-0.616875532500005	0.26
1.113	-0.723067294400007	0.26
1.114	-0.796209028500007	0.26
1.115	-0.844600741600008	0.26
1.116	-0.950234172400009	0.26
1.117	-1.01473423440001	0.25
1.118	-1.03005091980001	0.24
1.119	-1.14333436000001	0.23
1.12	-1.19927608290001	0.24
1.121	-1.33660121360001	0.25
1.122	-1.48178468620001	0.26
1.123	-1.53720141120001	0.26
1.124	-1.51937640250001	0.25
1.125	-1.47723470440001	0.24
1.126	-1.38652629390001	0.25
1.127	-1.32840124640001	0.24
1.128	-1.31085123660001	0.24
1.129	-1.34991794700001	0.25
1.13	-1.39697633210001	0.26
1.131	-1.39553467120001	0.28
1.132	-1.49079310350002	0.30
1.133	-1.58585153660002	0.32
1.134	-1.47966810800001	0.32
1.135	-1.20500118000001	0.32
1.136	-1.34820132720001	0.29
1.137	-1.35481800740001	0.29
1.138	-1.44950977530002	0.29
1.139	-1.36000136000001	0.29
1.14	-1.23870957850001	0.30
1.141	-1.05380106480001	0.31
1.142	-1.06067607730001	0.29
1.143	-0.97990100040001	0.28
1.144	-0.94704263850001	0.28
1.145	-0.91425094300001	0.27
1.146	-0.825934189600009	0.25
1.147	-0.690200719200008	0.24
1.148	-0.586450614200006	0.24
1.149	-0.467083825000005	0.24
1.15	-0.403325426700004	0.23
1.151	-0.363400386400004	0.22
1.152	-0.457717155800005	0.26
1.153	-0.457233824400005	0.30
1.154	-0.378000408000004	0.28
1.155	-0.322533683200004	0.28
1.156	-0.220033573200002	0.27
1.157	-0.149150163400002	0.27
1.158	-0.0941001036000011	0.25
1.159	-0.0470000520000005	0.26
1.16	-0.0391250435000005	0.27
1.161	-0.0234500262000003	0.27
1.162	0.0390417105000005	0.27
1.163	0.124800140800001	0.27
1.164	0.109083457000001	0.27
1.165	0.124533475200001	0.27
1.166	0.163275186900002	0.27
1.167	0.178633538800002	0.28
1.168	0.170683530600002	0.29
1.169	0.240250279000003	0.30
1.17	0.239991946700003	0.30
1.171	0.208800244800003	0.30
1.172	0.216300254800003	0.30
1.173	0.223783598200003	0.29
1.174	0.246666960000003	0.29
1.175	0.207900248400003	0.30
1.176	0.215366925200003	0.30
1.177	0.215133592800003	0.30
1.178	0.184200223200002	0.30
1.179	0.207000252000003	0.30
1.18	0.222091938300003	0.30
1.181	0.321300394800004	0.28
1.182	0.359158776700005	0.26
1.183	0.389300482800005	0.24
1.184	0.350750437000005	0.22
1.185	0.373217133800005	0.22
1.186	0.349983773400005	0.22
1.187	0.349600441600005	0.23
1.188	0.341625433500004	0.23
1.189	0.288167034000004	0.23
1.19	0.272700349200004	0.25
1.191	0.0605334112000008	0.24
1.192	-0.0226750293000003	0.25
1.193	-0.196300254800003	0.28
1.194	-0.256417001000003	0.27
1.195	-0.421867219200006	0.28
1.196	-0.489125643500007	0.28
1.197	-0.533684038600007	0.28
1.198	-0.71329261350001	0.27
1.199	-0.817501090000011	0.29
1.2	-0.913984557400013	0.30
1.201	-0.890517864600012	0.31
1.202	-0.882051191800012	0.32
1.203	-0.910934569600013	0.33
1.204	-0.895001220000013	0.34
1.205	-0.871651193400012	0.35
1.206	-0.855792843500012	0.35
1.207	-0.773067734400011	0.34
1.208	-0.70537597850001	0.27
1.209	-0.615584191000009	0.24
1.21	-0.644525901900009	0.22
1.211	-0.584600821600009	0.20
1.212	-0.554375782500008	0.20
1.213	-0.642350910600009	0.21
1.214	-0.641625913500009	0.21
1.215	-0.773501106000011	0.25
1.216	-0.853567892400013	0.26
1.217	-0.911401314400014	0.27
1.218	-0.844292889500013	0.30
1.219	-0.858001248000013	0.30
1.22	-0.900976316100014	0.29
1.221	-0.863367933200013	0.27
1.222	-0.767376130500012	0.26
1.223	-0.67890100440001	0.25
1.224	-0.612500910000009	0.24
1.225	-0.517117438200008	0.24
1.226	-0.400125599500006	0.24
1.227	-0.290667104000005	0.25
1.228	-0.275817083400004	0.25
1.229	-0.166750253000003	0.25
1.23	-0.0941418101000015	0.26
1.231	0.137433543600002	0.26
1.232	0.216750333000003	0.26
1.233	0.202066978400003	0.26
1.234	0.194625301500003	0.27
1.235	0.194400302400003	0.27
1.236	0.172600269600003	0.28
1.237	0.165216925800003	0.29
1.238	0.0789251243000013	0.30
1.239	0.00716667800000012	0.32
1.24	-0.0143166894000002	0.33
1.241	-0.0858001368000014	0.31
1.242	-0.249958733500004	0.32
1.243	-0.428000688000007	0.33
1.244	-0.57712593150001	0.32
1.245	-0.782834602000013	0.31
1.246	-1.00938497580002	0.32
1.247	-1.10050179800002	0.32
1.248	-1.20558531100002	0.30
1.249	-1.24666872000002	0.29
1.25	-1.27350210600002	0.29
1.251	-1.17306861440002	0.29
1.252	-1.12933521600002	0.29
1.253	-1.26900212400002	0.29
1.254	-1.30975220100002	0.29
1.255	-1.37853565920002	0.29
1.256	-1.39797736810002	0.34
1.257	-1.40333572000002	0.36
1.258	-1.34560229760002	0.32
1.259	-1.34400230400002	0.33
1.26	-1.25850216600002	0.32
1.261	-1.34778566220002	0.37
1.262	-1.31827728690002	0.38
1.263	-1.31670229320002	0.38
1.264	-1.22466880800002	0.36
1.265	-1.07030187880002	0.37
1.266	-0.971835046000018	0.35
1.267	-0.929068310400017	0.34
1.268	-0.893326586700016	0.32
1.269	-0.892251591000017	0.32
1.27	-0.794459755500015	0.33
1.271	-0.738301326800014	0.33
1.272	-0.634034477200012	0.34
1.273	-0.591967738800011	0.34
1.274	-0.52250095000001	0.35
1.275	-0.50813426080001	0.34
1.276	-0.445792483500008	0.32
1.277	-0.445250819000009	0.30
1.278	-0.362609002900007	0.28
1.279	-0.403167414000008	0.28
1.28	-0.293475546100006	0.25
1.281	-0.361284008200007	0.26
1.282	-0.483392573100009	0.29
1.283	-0.50320094720001	0.31
1.284	-0.570501078000011	0.35
1.285	-0.583367773200011	0.36
1.286	-0.596201135200012	0.35
1.287	-0.50750097000001	0.34
1.288	-0.52715101140001	0.34
1.289	-0.587251131000012	0.34
1.29	-0.647201251200013	0.35
1.291	-0.538667712000011	0.34
1.292	-0.531276034900011	0.35
1.293	-0.611217861800012	0.37
1.294	-0.690959689500014	0.38
1.295	-0.716901412400015	0.38
1.296	-0.695934709600014	0.38
1.297	-0.681701353200014	0.36
1.298	-0.747601489600015	0.37
1.299	-0.706668080000015	0.31
1.3	-0.665834670000014	0.28
1.301	-0.638401286400013	0.26
1.302	-0.591109528900012	0.26
1.303	-0.550567784400011	0.27
1.304	-0.503501026000011	0.27
1.305	-0.45655093380001	0.27
1.306	-0.370067426400008	0.27
1.307	-0.323400666400007	0.27
1.308	-0.270258892300006	0.27
1.309	-0.190917063000004	0.27
1.31	-0.124925260300003	0.28
1.311	-0.118200247200003	0.28
1.312	-0.045908429700001	0.29
1.313	-0.0131000276000003	0.28
1.314	0.0785001660000017	0.31
1.315	0.163333680000004	0.30
1.316	0.228375486500005	0.30
1.317	0.241117182200005	0.28
1.318	0.253825544700006	0.26
1.319	0.240500518000005	0.24
1.32	0.155800336800004	0.23
1.321	0.0842835162000019	0.23
1.322	0.0194250423000004	0.25
1.323	-0.045266765600001	0.28
1.324	-0.0968752125000022	0.29
1.325	-0.116100255600003	0.32
1.326	-0.154600341600004	0.33
1.327	-0.109366909200003	0.31
1.328	-0.128500286000003	0.29
1.329	-0.179667068000004	0.28
1.33	-0.211475474100005	0.26
1.331	-0.224000504000005	0.25
1.332	-0.249275562900006	0.24
1.333	-0.344700781200008	0.25
1.334	-0.459001044000011	0.26
1.335	-0.41383427800001	0.28
1.336	-0.324275742900008	0.31
1.337	-0.43815100740001	0.33
1.338	-0.488309460100012	0.33
1.339	-0.500334492000012	0.33
1.34	-0.499676161300012	0.32
1.341	-0.467434423600011	0.32
1.342	-0.473126107500011	0.32
1.343	-0.42840100640001	0.32
1.344	-0.352334164000009	0.29
1.345	-0.163367053200004	0.28
1.346	-0.112950268200003	0.26
1.347	-0.0250667264000006	0.27
1.348	0.0500667864000012	0.28
1.349	0.131250315000003	0.30
1.35	0.187250451000005	0.31
1.351	0.162067058400004	0.32
1.352	0.273900664400007	0.29
1.353	0.373000908000009	0.28
1.354	0.484251183000012	0.26
1.355	0.589001444000015	0.25
1.356	0.569634734800015	0.26
1.357	0.556501374000014	0.28
1.358	0.605151499400016	0.28
1.359	0.616668200000016	0.28
1.36	0.597359823900015	0.25
1.361	0.602701509200016	0.25
1.362	0.589601481600015	0.25
1.363	0.545868043200014	0.24
1.364	0.447126131500012	0.23
1.365	0.336417521000009	0.22
1.366	0.244333956000006	0.20
1.367	0.0976002496000026	0.21
1.368	0.0243667292000006	0.21
1.369	-0.0486667920000013	0.23
1.37	-0.206550533800006	0.24
1.371	-0.321534167200009	0.25
1.372	-0.448317833400012	0.23
1.373	-0.520301358800014	0.22
1.374	-0.592084885000016	0.21
1.375	-0.573168174000016	0.22
1.376	-0.644676701300018	0.21
1.377	-0.655818403400018	0.22
1.378	-0.606843279300017	0.24
1.379	-0.636001696000018	0.24
1.38	-0.641110048900018	0.25
1.381	-0.646201735200018	0.25
1.382	-0.609451642200017	0.26
1.383	-0.513134720800014	0.28
1.384	-0.524334756000015	0.29
1.385	-0.446251215000013	0.28
1.386	-0.297084145000008	0.32
1.387	-0.255134032800007	0.32
1.388	-0.237000652000007	0.31
1.389	-0.230750637000007	0.30
1.39	-0.159525441900005	0.29
1.391	-0.070800196800002	0.30
1.392	-0.0117833662000003	0.30
1.393	0.0176500494000005	0.30
1.394	-0.0117500330000003	0.29
1.395	-0.0704001984000021	0.30
1.396	-0.0234333996000007	0.29
1.397	0.0409501162000012	0.32
1.398	0.0934669328000028	0.33
1.399	0.0816669000000024	0.33
1.4	0.0466001336000014	0.32
1.401	0.034900100400001	0.31
1.402	0.0290417505000009	0.30
1.403	0.0232000672000007	0.30
1.404	-0.034750101000001	0.30
1.405	-0.138800404800004	0.28
1.406	-0.231000676000007	0.28
1.407	-0.294100863600009	0.29
1.408	-0.276400814400008	0.27
1.409	-0.166750493000005	0.25
1.41	-0.155025459900005	0.25
1.411	-0.177733862400005	0.28
1.412	-0.211825632700007	0.28
1.413	-0.205800616800006	0.28
1.414	-0.0856252575000027	0.32
1.415	-0.0855002580000027	0.31
1.416	-0.00569168390000018	0.32
1.417	0.0568335060000018	0.34
1.418	-0.0113500346000004	0.34
1.419	-0.0283334200000009	0.32
1.42	-0.00565835070000018	0.31
1.421	0.0339001044000011	0.33
1.422	0.0507751569000016	0.36
1.423	0.0450668064000015	0.33
1.424	0.061875192500002	0.30
1.425	0.106716999800003	0.27
1.426	0.112167018000004	0.26
1.427	0.123200387200004	0.25
1.428	0.156567160400005	0.25
1.429	0.150750477000005	0.24
1.43	0.122650389400004	0.24
1.431	0.205967322800007	0.22
1.432	0.255684150600008	0.22
1.433	0.28860092560001	0.22
1.434	0.387917915000013	0.21
1.435	0.403934637600013	0.21
1.436	0.375701217200013	0.21
1.437	0.408234660400014	0.22
1.438	0.402109644900014	0.23
1.439	0.407001332000014	0.24
1.44	0.411876352500014	0.23
1.441	0.460601517600016	0.24
1.442	0.454426502300016	0.24
1.443	0.464668208000016	0.24
1.444	0.469418229000016	0.24
1.445	0.501401674400017	0.25
1.446	0.489751641000017	0.25
1.447	0.478134940800017	0.25
1.448	0.444851500600015	0.25
1.449	0.390001320000014	0.25
1.45	0.28123428840001	0.24
1.451	0.172800588800006	0.25
1.452	0.0539168510000019	0.25
1.453	-0.156117202200006	0.26
1.454	-0.252625869500009	0.25
1.455	-0.375667964000013	0.25
1.456	-0.337576169700012	0.24
1.457	-0.315651097400011	0.23
1.458	-0.336526173900012	0.23
1.459	-0.384001344000014	0.23
1.46	-0.378076327700014	0.24
1.461	-0.425334832000016	0.25
1.462	-0.456518280600017	0.27
1.463	-0.418701485200015	0.27
1.464	-0.381001356000014	0.28
1.465	-0.322284484200012	0.29
1.466	-0.247925888300009	0.30
1.467	-0.215934109600008	0.31
1.468	-0.178783978200007	0.32
1.469	-0.115500418000004	0.31
1.47	-0.0838669712000032	0.29
1.471	-0.0366334668000014	0.27
1.472	-0.0052250191000002	0.25
1.473	0.026083429000001	0.24
1.474	0.0572918775000022	0.24
1.475	0.114400422400004	0.24
1.476	0.166133948800006	0.23
1.477	0.228067514400009	0.23
1.478	0.279451042200011	0.23
1.479	0.310001160000012	0.23
1.48	0.304342809300012	0.24
1.481	0.355351338600014	0.25
1.482	0.385626457500015	0.26
1.483	0.390134812800015	0.26
1.484	0.430501638000017	0.26
1.485	0.460501758000018	0.26
1.486	0.464860113900018	0.26
1.487	0.479401842400019	0.25
1.488	0.453160080700018	0.24
1.489	0.381251475000015	0.23
1.49	0.304501182000012	0.23
1.491	0.24826763360001	0.24
1.492	0.187159064700008	0.25
1.493	0.136350534600006	0.25
1.494	0.0806669840000033	0.26
1.495	0.0352334724000014	0.27
1.496	-0.00502501990000021	0.28
1.497	-0.115383791800005	0.29
1.498	-0.150250599000006	0.29
1.499	-0.160000640000007	0.30
1.5	-0.13	0.29
1.501	-0.125	0.30
1.502	-0.13	0.30
1.503	-0.16	0.30
1.504	-0.17	0.29
1.505	-0.18	0.28
1.506	-0.165	0.27
1.507	-0.135	0.27
1.508	-0.125	0.28
1.509	-0.1	0.29
1.51	-0.07	0.27
1.511	-0.05	0.26
1.512	0.015	0.25
1.513	0.055	0.25
1.514	0.09	0.25
1.515	0.1	0.25
1.516	0.11	0.25
1.517	0.1	0.26
1.518	0.14	0.26
1.519	0.15	0.28
1.52	0.14	0.28
1.521	0.155	0.29
1.522	0.085	0.29
1.523	0.095	0.29
1.524	0.095	0.29
1.525	0.05	0.30
1.526	0.035	0.31
1.527	0.01	0.30
1.528	0.045	0.29
1.529	-0.105	0.29
1.53	-0.13	0.29
1.531	-0.225	0.29
1.532	-0.245	0.28
1.533	-0.31	0.24
1.534	-0.36	0.23
1.535	-0.38	0.22
1.536	-0.38	0.22
1.537	-0.455	0.24
1.538	-0.45	0.22
1.539	-0.41	0.22
1.54	-0.37	0.23
1.541	-0.385	0.23
1.542	-0.37	0.24
1.543	-0.365	0.25
1.544	-0.37	0.26
1.545	-0.34	0.28
1.546	-0.295	0.28
1.547	-0.305	0.28
1.548	-0.285	0.30
1.549	-0.22	0.28
1.55	-0.135	0.27
1.551	0	0.26
1.552	-0.03	0.26
1.553	-0.075	0.27
1.554	-0.09	0.25
1.555	-0.09	0.25
1.556	-0.095	0.24
1.557	-0.05	0.24
1.558	0.08	0.22
1.559	0.16	0.21
1.56	0.195	0.21
1.561	0.21	0.21
1.562	0.205	0.22
1.563	0.215	0.22
1.564	0.25	0.22
1.565	0.22	0.23
1.566	0.24	0.24
1.567	0.205	0.24
1.568	0.155	0.24
1.569	0.14	0.23
1.57	0.075	0.23
1.571	0.055	0.23
1.572	-0.015	0.23
1.573	-0.035	0.24
1.574	-0.095	0.23
1.575	-0.15	0.23
1.576	-0.09	0.23
1.577	-0.075	0.25
1.578	-0.2	0.25
1.579	-0.185	0.25
1.58	-0.165	0.26
1.581	-0.11	0.27
1.582	-0.08	0.26
1.583	-0.015	0.26
1.584	0.045	0.27
1.585	0.095	0.27
1.586	0.075	0.27
1.587	0.045	0.28
1.588	0.005	0.28
1.589	0.015	0.27
1.59	-0.005	0.28
1.591	-0.075	0.30
1.592	-0.04	0.29
1.593	0.04	0.28
1.594	0.105	0.29
1.595	0.105	0.28
1.596	0.095	0.28
1.597	0.095	0.30
1.598	0.12	0.28
1.599	0.155	0.25
1.6	0.175	0.26
1.601	0.19	0.27
1.602	0.215	0.29
1.603	0.24	0.31
1.604	0.25	0.33
1.605	0.285	0.33
1.606	0.28	0.30
1.607	0.285	0.27
1.608	0.29	0.25
1.609	0.28	0.24
1.61	0.27	0.23
1.611	0.28	0.22
1.612	0.285	0.22
1.613	0.27	0.21
1.614	0.285	0.21
1.615	0.285	0.21
1.616	0.28	0.22
1.617	0.265	0.22
1.618	0.245	0.23
1.619	0.205	0.22
1.62	0.185	0.21
1.621	0.155	0.21
1.622	0.15	0.22
1.623	0.145	0.22
1.624	0.1	0.22
1.625	0.055	0.21
1.626	0.045	0.21
1.627	0.09	0.22
1.628	0.12	0.22
1.629	0.18	0.22
1.63	0.23	0.22
1.631	0.235	0.23
1.632	0.235	0.23
1.633	0.22	0.24
1.634	0.18	0.25
1.635	0.175	0.29
1.636	0.11	0.31
1.637	0.085	0.31
1.638	0.06	0.30
1.639	0.025	0.28
1.64	0	0.27
1.641	-0.01	0.28
1.642	-0.01	0.27
1.643	-0.025	0.27
1.644	-0.06	0.28
1.645	-0.07	0.28
1.646	-0.095	0.28
1.647	-0.11	0.30
1.648	-0.135	0.29
1.649	-0.17	0.30
1.65	-0.165	0.31
1.651	-0.17	0.31
1.652	-0.195	0.30
1.653	-0.215	0.28
1.654	-0.26	0.27
1.655	-0.295	0.25
1.656	-0.28	0.26
1.657	-0.305	0.24
1.658	-0.355	0.23
1.659	-0.36	0.23
1.66	-0.39	0.24
1.661	-0.5	0.25
1.662	-0.485	0.24
1.663	-0.49	0.25
1.664	-0.495	0.25
1.665	-0.505	0.25
1.666	-0.46	0.23
1.667	-0.445	0.24
1.668	-0.32	0.24
1.669	-0.22	0.25
1.67	-0.145	0.26
1.671	-0.165	0.28
1.672	-0.215	0.30
1.673	-0.14	0.29
1.674	-0.135	0.27
1.675	-0.11	0.26
1.676	-0.085	0.25
1.677	-0.055	0.25
1.678	-0.03	0.24
1.679	-0.015	0.24
1.68	0.01	0.24
1.681	0.01	0.24
1.682	-0.04	0.24
1.683	0.025	0.24
1.684	0.05	0.24
1.685	-0.005	0.24
1.686	0.025	0.24
1.687	0.06	0.23
1.688	0.06	0.21
1.689	0.085	0.21
1.69	0.145	0.21
1.691	0.19	0.23
1.692	0.205	0.25
1.693	0.205	0.27
1.694	0.18	0.30
1.695	0.095	0.31
1.696	0.055	0.30
1.697	0	0.32
1.698	-0.04	0.33
1.699	-0.075	0.34
1.7	-0.09	0.33
1.701	-0.1	0.32
1.702	-0.105	0.32
1.703	-0.155	0.30
1.704	-0.13	0.29
1.705	-0.115	0.26
1.706	-0.08	0.25
1.707	-0.055	0.23
1.708	-0.065	0.22
1.709	-0.08	0.21
1.71	-0.105	0.20
1.711	-0.075	0.21
1.712	-0.045	0.22
1.713	-0.005	0.25
1.714	0.025	0.24
1.715	0.095	0.23
1.716	0.105	0.24
1.717	0.16	0.25
1.718	0.17	0.26
1.719	0.19	0.26
1.72	0.14	0.27
1.721	0.09	0.28
1.722	0.065	0.29
1.723	0.04	0.31
1.724	0.065	0.30
1.725	0.075	0.28
1.726	0.05	0.28
1.727	0.035	0.28
1.728	0.01	0.28
1.729	-0.01	0.27
1.73	-0.05	0.26
1.731	-0.03	0.25
1.732	0.005	0.25
1.733	0.01	0.25
1.734	0.015	0.24
1.735	0.065	0.26
1.736	0.125	0.27
1.737	0.235	0.28
1.738	0.32	0.30
1.739	0.325	0.32
1.74	0.285	0.30
1.741	0.22	0.28
1.742	0.025	0.19
1.743	-0.05	0.19
1.744	-0.08	0.20
1.745	-0.13	0.25
1.746	-0.15	0.30
1.747	-0.17	0.30
1.748	-0.2	0.29
1.749	-0.155	0.31
1.75	-0.11	0.28
1.751	-0.12	0.26
1.752	-0.065	0.28
1.753	-0.02	0.30
1.754	-0.065	0.29
1.755	-0.135	0.30
1.756	-0.035	0.30
1.757	-0.05	0.28
1.758	-0.03	0.27
1.759	-0.025	0.27
1.76	-0.02	0.25
1.761	-0.07	0.23
1.762	-0.105	0.23
1.763	-0.03	0.23
1.764	0.055	0.23
1.765	0.13	0.23
1.766	0.18	0.23
1.767	0.215	0.23
1.768	0.24	0.23
1.769	0.26	0.23
1.77	0.265	0.23
1.771	0.33	0.23
1.772	0.35	0.23
1.773	0.445	0.24
1.774	0.465	0.24
1.775	0.475	0.24
1.776	0.49	0.23
1.777	0.48	0.23
1.778	0.5	0.24
1.779	0.465	0.23
1.78	0.39	0.21
1.781	0.325	0.21
1.782	0.26	0.21
1.783	0.235	0.21
1.784	0.205	0.21
1.785	0.145	0.21
1.786	0.1	0.21
1.787	0.04	0.22
1.788	-0.055	0.22
1.789	-0.125	0.23
1.79	-0.14	0.24
1.791	-0.1	0.26
1.792	-0.185	0.28
1.793	-0.17	0.27
1.794	-0.17	0.27
1.795	-0.105	0.26
1.796	-0.08	0.25
1.797	-0.14	0.26
1.798	-0.145	0.27
1.799	-0.115	0.28
1.8	-0.025	0.24
1.801	0.045	0.22
1.802	0.09	0.23
1.803	0.145	0.22
1.804	0.105	0.22
1.805	0.145	0.22
1.806	0.17	0.22
1.807	0.17	0.22
1.808	0.185	0.23
1.809	0.2	0.25
1.81	0.255	0.25
1.811	0.215	0.24
1.812	0.245	0.25
1.813	0.145	0.25
1.814	0.14	0.26
1.815	0.115	0.25
1.816	0.065	0.25
1.817	-0.015	0.24
1.818	-0.07	0.25
1.819	-0.005	0.23
1.82	0.05	0.23
1.821	0.095	0.23
1.822	0.21	0.24
1.823	0.235	0.23
1.824	0.26	0.23
1.825	0.285	0.21
1.826	0.3	0.21
1.827	0.36	0.22
1.828	0.385	0.23
1.829	0.305	0.21
1.83	0.41	0.25
1.831	0.38	0.23
1.832	0.395	0.22
1.833	0.255	0.22
1.834	0.27	0.22
1.835	0.285	0.22
1.836	0.24	0.22
1.837	0.2	0.23
1.838	0.255	0.23
1.839	0.315	0.24
1.84	0.3	0.25
1.841	0.295	0.25
1.842	0.325	0.26
1.843	0.41	0.23
1.844	0.5	0.21
1.845	0.485	0.20
1.846	0.49	0.20
1.847	0.445	0.19
1.848	0.38	0.17
1.849	0.36	0.18
1.85	0.26	0.18
1.851	0.26	0.18
1.852	0.2	0.18
1.853	0.16	0.19
1.854	0.135	0.21
1.855	0.145	0.19
1.856	0.07	0.18
1.857	0.025	0.19
1.858	-0.01	0.20
1.859	0.01	0.23
1.86	-0.005	0.22
1.861	-0.075	0.21
1.862	-0.06	0.20
1.863	-0.04	0.21
1.864	0.035	0.22
1.865	0.055	0.22
1.866	0.075	0.24
1.867	0.1	0.23
1.868	0.145	0.25
1.869	0.175	0.24
1.87	0.195	0.23
1.871	0.18	0.21
1.872	0.23	0.22
1.873	0.27	0.22
1.874	0.42	0.23
1.875	0.32	0.23
1.876	0.335	0.23
1.877	0.27	0.22
1.878	0.315	0.23
1.879	0.325	0.22
1.88	0.285	0.21
1.881	0.29	0.20
1.882	0.27	0.20
1.883	0.29	0.21
1.884	0.235	0.20
1.885	0.29	0.20
1.886	0.28	0.21
1.887	0.325	0.22
1.888	0.285	0.21
1.889	0.295	0.21
1.89	0.29	0.22
1.891	0.255	0.21
1.892	0.235	0.21
1.893	0.22	0.21
1.894	0.27	0.19
1.895	0.23	0.19
1.896	0.25	0.19
1.897	0.185	0.19
1.898	0.12	0.21
1.899	0.255	0.25
1.9	0.21	0.28
1.901	0.205	0.28
1.902	0.165	0.28
1.903	0.2	0.26
1.904	0.22	0.26
1.905	0.2	0.26
1.906	0.22	0.28
1.907	0.27	0.27
1.908	0.3	0.26
1.909	0.31	0.28
1.91	0.405	0.29
1.911	0.395	0.28
1.912	0.385	0.29
1.913	0.375	0.29
1.914	0.32	0.29
1.915	0.335	0.29
1.916	0.35	0.28
1.917	0.395	0.28
1.918	0.435	0.28
1.919	0.44	0.27
1.92	0.445	0.27
1.921	0.465	0.26
1.922	0.475	0.25
1.923	0.535	0.24
1.924	0.555	0.23
1.925	0.525	0.22
1.926	0.515	0.23
1.927	0.515	0.22
1.928	0.52	0.22
1.929	0.49	0.23
1.93	0.51	0.22
1.931	0.555	0.22
1.932	0.575	0.22
1.933	0.52	0.23
1.934	0.565	0.22
1.935	0.52	0.22
1.936	0.445	0.22
1.937	0.435	0.24
1.938	0.46	0.22
1.939	0.46	0.23
1.94	0.46	0.23
1.941	0.325	0.24
1.942	0.315	0.24
1.943	0.28	0.24
1.944	0.225	0.24
1.945	0.18	0.24
1.946	0.135	0.25
1.947	0.09	0.26
1.948	0.09	0.25
1.949	0.07	0.24
1.95	0.005	0.22
1.951	0.01	0.20
1.952	0.03	0.18
1.953	0.08	0.19
1.954	0.105	0.20
1.955	0.125	0.21
1.956	0.115	0.22
1.957	0.05	0.23
1.958	0.085	0.24
1.959	0.12	0.25
1.96	0.16	0.28
1.961	0.235	0.30
1.962	0.305	0.33
1.963	0.34	0.29
1.964	0.33	0.27
1.965	0.315	0.23
1.966	0.28	0.22
1.967	0.295	0.24
1.968	0.28	0.25
1.969	0.265	0.26
1.97	0.28	0.26
1.971	0.31	0.25
1.972	0.36	0.23
1.973	0.385	0.23
1.974	0.43	0.23
1.975	0.465	0.23
1.976	0.475	0.23
1.977	0.485	0.22
1.978	0.47	0.21
1.979	0.47	0.21
1.98	0.48	0.21
1.981	0.495	0.20
1.982	0.51	0.20
1.983	0.52	0.19
1.984	0.475	0.20
1.985	0.465	0.20
1.986	0.445	0.19
1.987	0.46	0.19
1.988	0.48	0.19
1.989	0.475	0.20
1.99	0.445	0.20
1.991	0.505	0.21
1.992	0.475	0.22
1.993	0.42	0.22
1.994	0.435	0.23
1.995	0.35	0.22
1.996	0.34	0.23
1.997	0.385	0.23
1.998	0.42	0.23
1.999	0.35	0.23
2	0.34	0.22
2.001	0.345	0.22
2.002	0.335	0.21
2.003	0.355	0.21
2.004	0.325	0.20
2.005	0.28	0.21
2.006	0.28	0.22
2.007	0.285	0.23
2.008	0.285	0.24
2.009	0.29	0.25
2.01	0.35	0.25
2.011	0.395	0.26
2.012	0.405	0.26
2.013	0.425	0.26
2.014	0.385	0.27
2.015	0.435	0.27
2.016	0.445	0.27
2.017	0.495	0.29
2.018	0.445	0.30
2.019	0.5	0.26
2.02	0.55	0.25
2.021	0.5	0.25
2.022	0.485	0.27
2.023	0.535	0.27
2.024	0.545	0.24
2.025	0.54	0.23
2.026	0.51	0.23
2.027	0.535	0.24
2.028	0.495	0.23
2.029	0.44	0.22
2.03	0.395	0.21
2.031	0.38	0.21
2.032	0.35	0.21
2.033	0.41	0.23
2.034	0.385	0.23
2.035	0.355	0.23
2.036	0.395	0.22
2.037	0.39	0.22
2.038	0.385	0.22
2.039	0.405	0.22
2.04	0.385	0.22
2.041	0.345	0.21
2.042	0.39	0.23
2.043	0.3	0.21
2.044	0.32	0.22
2.045	0.33	0.23
2.046	0.34	0.23
2.047	0.37	0.24
2.048	0.39	0.24
2.049	0.4	0.25
2.05	0.405	0.26
2.051	0.36	0.27
2.052	0.38	0.28
2.053	0.375	0.28
2.054	0.36	0.30
2.055	0.325	0.30
2.056	0.31	0.31
2.057	0.28	0.31
2.058	0.26	0.31
2.059	0.245	0.30
2.06	0.215	0.30
2.061	0.155	0.30
2.062	0.14	0.30
2.063	0.135	0.29
2.064	0.07	0.28
2.065	-0.005	0.28
2.066	-0.095	0.28
2.067	-0.195	0.27
2.068	-0.18	0.26
2.069	-0.25	0.27
2.07	-0.245	0.26
2.071	-0.24	0.25
2.072	-0.29	0.26
2.073	-0.3	0.26
2.074	-0.22	0.26
2.075	-0.275	0.24
2.076	-0.2	0.23
2.077	-0.21	0.23
2.078	-0.125	0.23
2.079	-0.16	0.22
2.08	-0.13	0.22
2.081	-0.115	0.22
2.082	-0.12	0.23
2.083	-0.1	0.22
2.084	-0.08	0.22
2.085	-0.07	0.23
2.086	-0.045	0.23
2.087	0.01	0.23
2.088	0.075	0.23
2.089	0.09	0.24
2.09	0.075	0.25
2.091	0.15	0.25
2.092	0.17	0.26
2.093	0.165	0.27
2.094	0.185	0.26
2.095	0.185	0.26
2.096	0.16	0.27
2.097	0.13	0.28
2.098	0.135	0.27
2.099	0.165	0.26
2.1	0.145	0.25
2.101	0.16	0.25
2.102	0.145	0.24
2.103	0.155	0.24
2.104	0.16	0.23
2.105	0.17	0.22
2.106	0.185	0.22
2.107	0.145	0.22
2.108	0.175	0.22
2.109	0.21	0.22
2.11	0.25	0.21
2.111	0.25	0.22
2.112	0.31	0.21
2.113	0.3	0.21
2.114	0.31	0.21
2.115	0.31	0.22
2.116	0.255	0.22
2.117	0.26	0.23
2.118	0.275	0.24
2.119	0.29	0.23
2.12	0.305	0.24
2.121	0.355	0.23
2.122	0.395	0.22
2.123	0.425	0.22
2.124	0.425	0.22
2.125	0.41	0.21
2.126	0.39	0.20
2.127	0.435	0.21
2.128	0.495	0.22
2.129	0.55	0.23
2.13	0.62	0.22
2.131	0.655	0.24
2.132	0.67	0.24
2.133	0.67	0.25
2.134	0.685	0.27
2.135	0.665	0.28
2.136	0.625	0.28
2.137	0.66	0.28
2.138	0.69	0.29
2.139	0.675	0.28
2.14	0.615	0.28
2.141	0.525	0.27
2.142	0.44	0.29
2.143	0.365	0.30
2.144	0.28	0.31
2.145	0.17	0.31
2.146	0.14	0.31
2.147	0.095	0.30
2.148	0.09	0.30
2.149	0.095	0.30
2.15	0.055	0.31
2.151	0.025	0.30
2.152	-0.065	0.29
2.153	-0.09	0.28
2.154	-0.125	0.27
2.155	-0.145	0.28
2.156	-0.035	0.28
2.157	-0.04	0.29
2.158	0.04	0.30
2.159	-0.035	0.31
2.16	-0.045	0.31
2.161	-0.005	0.33
2.162	0.01	0.34
2.163	0.015	0.34
2.164	0.055	0.34
2.165	0.06	0.33
2.166	0.095	0.33
2.167	0.14	0.33
2.168	0.16	0.33
2.169	0.21	0.32
2.17	0.215	0.33
2.171	0.24	0.32
2.172	0.265	0.32
2.173	0.295	0.32
2.174	0.325	0.32
2.175	0.35	0.30
2.176	0.38	0.30
2.177	0.42	0.28
2.178	0.43	0.25
2.179	0.41	0.23
2.18	0.355	0.23
2.181	0.38	0.22
2.182	0.475	0.21
2.183	0.42	0.22
2.184	0.405	0.22
2.185	0.41	0.22
2.186	0.41	0.22
2.187	0.41	0.23
2.188	0.41	0.23
2.189	0.39	0.23
2.19	0.39	0.23
2.191	0.37	0.24
2.192	0.41	0.23
2.193	0.435	0.23
2.194	0.42	0.24
2.195	0.375	0.25
2.196	0.285	0.27
2.197	0.28	0.26
2.198	0.235	0.26
2.199	0.295	0.27
2.2	0.34	0.29
2.201	0.39	0.31
2.202	0.375	0.30
2.203	0.38	0.29
2.204	0.42	0.27
2.205	0.44	0.26
2.206	0.46	0.25
2.207	0.425	0.24
2.208	0.48	0.24
2.209	0.47	0.23
2.21	0.405	0.23
2.211	0.435	0.22
2.212	0.445	0.22
2.213	0.445	0.22
2.214	0.45	0.22
2.215	0.375	0.23
2.216	0.37	0.23
2.217	0.51	0.21
2.218	0.49	0.22
2.219	0.41	0.24
2.22	0.465	0.23
2.221	0.52	0.22
2.222	0.44	0.23
2.223	0.445	0.23
2.224	0.445	0.23
2.225	0.47	0.23
2.226	0.505	0.22
2.227	0.54	0.22
2.228	0.63	0.22
2.229	0.555	0.23
2.23	0.56	0.22
2.231	0.57	0.21
2.232	0.56	0.21
2.233	0.56	0.21
2.234	0.52	0.21
2.235	0.495	0.22
2.236	0.455	0.23
2.237	0.415	0.23
2.238	0.345	0.23
2.239	0.3	0.24
2.24	0.305	0.24
2.241	0.26	0.25
2.242	0.265	0.25
2.243	0.245	0.25
2.244	0.2	0.26
2.245	0.18	0.26
2.246	0.21	0.25
2.247	0.225	0.25
2.248	0.195	0.23
2.249	0.205	0.23
2.25	0.225	0.22
2.251	0.21	0.22
2.252	0.265	0.22
2.253	0.265	0.22
2.254	0.29	0.22
2.255	0.305	0.23
2.256	0.325	0.23
2.257	0.355	0.23
2.258	0.36	0.24
2.259	0.37	0.24
2.26	0.425	0.23
2.261	0.485	0.22
2.262	0.525	0.21
2.263	0.54	0.21
2.264	0.545	0.20
2.265	0.57	0.21
2.266	0.62	0.22
2.267	0.64	0.21
2.268	0.59	0.21
2.269	0.59	0.20
2.27	0.605	0.20
2.271	0.575	0.20
2.272	0.54	0.20
2.273	0.515	0.20
2.274	0.545	0.21
2.275	0.51	0.22
2.276	0.465	0.21
2.277	0.435	0.22
2.278	0.405	0.23
2.279	0.35	0.24
2.28	0.415	0.24
2.281	0.44	0.24
2.282	0.44	0.24
2.283	0.43	0.24
2.284	0.43	0.23
2.285	0.42	0.23
2.286	0.43	0.23
2.287	0.455	0.23
2.288	0.52	0.22
2.289	0.515	0.22
2.29	0.43	0.23
2.291	0.565	0.22
2.292	0.6	0.22
2.293	0.59	0.22
2.294	0.58	0.21
2.295	0.585	0.21
2.296	0.6	0.21
2.297	0.615	0.21
2.298	0.59	0.20
2.299	0.59	0.20
2.3	0.595	0.21
2.301	0.6	0.21
2.302	0.59	0.21
2.303	0.58	0.22
2.304	0.565	0.22
2.305	0.55	0.23
2.306	0.51	0.22
2.307	0.51	0.22
2.308	0.515	0.22
2.309	0.535	0.22
2.31	0.52	0.22
2.311	0.45	0.20
2.312	0.42	0.23
2.313	0.44	0.23
2.314	0.315	0.20
2.315	0.35	0.22
2.316	0.4	0.22
2.317	0.445	0.22
2.318	0.44	0.21
2.319	0.42	0.21
2.32	0.52	0.21
2.321	0.525	0.20
2.322	0.495	0.21
2.323	0.6	0.19
2.324	0.545	0.19
2.325	0.52	0.20
2.326	0.415	0.25
2.327	0.365	0.25
2.328	0.33	0.26
2.329	0.31	0.26
2.33	0.31	0.25
2.331	0.395	0.24
2.332	0.41	0.23
2.333	0.515	0.22
2.334	0.445	0.21
2.335	0.515	0.22
2.336	0.575	0.21
2.337	0.56	0.21
2.338	0.61	0.21
2.339	0.6	0.21
2.34	0.615	0.21
2.341	0.705	0.20
2.342	0.66	0.20
2.343	0.66	0.21
2.344	0.565	0.24
2.345	0.63	0.21
2.346	0.675	0.21
2.347	0.665	0.20
2.348	0.63	0.20
2.349	0.68	0.21
2.35	0.635	0.20
2.351	0.605	0.21
2.352	0.525	0.21
2.353	0.505	0.19
2.354	0.445	0.20
2.355	0.415	0.20
2.356	0.32	0.19
2.357	0.32	0.17
2.358	0.205	0.19
2.359	0.225	0.18
2.36	0.21	0.18
2.361	0.2	0.17
2.362	0.24	0.18
2.363	0.225	0.17
2.364	0.19	0.18
2.365	0.26	0.20
2.366	0.3	0.20
2.367	0.31	0.20
2.368	0.325	0.21
2.369	0.315	0.21
2.37	0.37	0.22
2.371	0.335	0.22
2.372	0.26	0.24
2.373	0.31	0.23
2.374	0.37	0.23
2.375	0.35	0.23
2.376	0.42	0.23
2.377	0.5	0.22
2.378	0.535	0.22
2.379	0.575	0.22
2.38	0.615	0.21
2.381	0.58	0.21
2.382	0.595	0.21
2.383	0.555	0.21
2.384	0.565	0.23
2.385	0.555	0.25
2.386	0.535	0.25
2.387	0.565	0.24
2.388	0.61	0.23
2.389	0.59	0.23
2.39	0.625	0.22
2.391	0.665	0.23
2.392	0.695	0.24
2.393	0.67	0.24
2.394	0.715	0.23
2.395	0.71	0.23
2.396	0.695	0.22
2.397	0.665	0.22
2.398	0.625	0.22
2.399	0.6	0.23
2.4	0.615	0.24
2.401	0.6	0.24
2.402	0.6	0.25
2.403	0.6	0.24
2.404	0.59	0.25
2.405	0.515	0.27
2.406	0.535	0.27
2.407	0.585	0.28
2.408	0.645	0.30
2.409	0.69	0.32
2.41	0.715	0.34
2.411	0.765	0.36
2.412	0.765	0.35
2.413	0.8	0.34
2.414	0.79	0.33
2.415	0.75	0.34
2.416	0.88	0.32
2.417	0.76	0.32
2.418	0.745	0.32
2.419	0.795	0.30
2.42	0.85	0.31
2.421	0.855	0.31
2.422	0.86	0.32
2.423	0.825	0.34
2.424	0.845	0.34
2.425	0.84	0.35
2.426	0.72	0.34
2.427	0.65	0.32
2.428	0.62	0.30
2.429	0.475	0.29
2.43	0.445	0.28
2.431	0.405	0.30
2.432	0.325	0.33
2.433	0.255	0.35
2.434	0.3	0.34
2.435	0.26	0.36
2.436	0.24	0.37
2.437	0.245	0.37
2.438	0.255	0.36
2.439	0.275	0.34
2.44	0.325	0.33
2.441	0.3	0.31
2.442	0.295	0.30
2.443	0.29	0.29
2.444	0.295	0.27
2.445	0.29	0.27
2.446	0.305	0.26
2.447	0.31	0.24
2.448	0.34	0.24
2.449	0.285	0.23
2.45	0.32	0.22
2.451	0.33	0.22
2.452	0.37	0.22
2.453	0.4	0.22
2.454	0.44	0.22
2.455	0.47	0.21
2.456	0.47	0.20
2.457	0.455	0.22
2.458	0.505	0.21
2.459	0.525	0.22
2.46	0.57	0.23
2.461	0.59	0.22
2.462	0.52	0.22
2.463	0.54	0.21
2.464	0.54	0.21
2.465	0.54	0.20
2.466	0.55	0.20
2.467	0.515	0.20
2.468	0.59	0.20
2.469	0.58	0.20
2.47	0.565	0.22
2.471	0.59	0.21
2.472	0.595	0.21
2.473	0.625	0.21
2.474	0.575	0.21
2.475	0.51	0.22
2.476	0.535	0.22
2.477	0.55	0.22
2.478	0.575	0.21
2.479	0.435	0.24
2.48	0.42	0.24
2.481	0.42	0.24
2.482	0.435	0.25
2.483	0.345	0.27
2.484	0.325	0.28
2.485	0.295	0.27
2.486	0.305	0.26
2.487	0.265	0.26
2.488	0.23	0.26
2.489	0.23	0.25
2.49	0.25	0.24
2.491	0.265	0.23
2.492	0.285	0.22
2.493	0.32	0.21
2.494	0.35	0.22
2.495	0.395	0.22
2.496	0.5	0.21
2.497	0.54	0.22
2.498	0.58	0.22
2.499	0.615	0.23
2.5	0.695	0.23
2.501	0.73	0.24
2.502	0.725	0.24
2.503	0.79	0.23
2.504	0.78	0.24
2.505	0.765	0.24
2.506	0.73	0.23
2.507	0.665	0.23
2.508	0.57	0.23
2.509	0.5	0.22
2.51	0.385	0.24
2.511	0.295	0.24
2.512	0.265	0.26
2.513	0.245	0.24
2.514	0.175	0.25
2.515	0.2	0.24
2.516	0.18	0.25
2.517	0.13	0.26
2.518	0.07	0.28
2.519	-0.02	0.29
2.52	-0.055	0.31
2.521	-0.035	0.29
2.522	0.125	0.28
2.523	0.19	0.28
2.524	0.235	0.28
2.525	0.135	0.29
2.526	0.15	0.29
2.527	0.15	0.28
2.528	0.19	0.27
2.529	0.17	0.27
2.53	0.25	0.26
2.531	0.235	0.26
2.532	0.235	0.26
2.533	0.285	0.26
2.534	0.32	0.26
2.535	0.33	0.26
2.536	0.315	0.26
2.537	0.355	0.27
2.538	0.47	0.26
2.539	0.55	0.25
2.54	0.63	0.23
2.541	0.655	0.23
2.542	0.68	0.22
2.543	0.73	0.21
2.544	0.69	0.22
2.545	0.69	0.22
2.546	0.755	0.22
2.547	0.805	0.25
2.548	0.795	0.24
2.549	0.8	0.23
2.55	0.76	0.22
2.551	0.81	0.23
2.552	0.81	0.22
2.553	0.78	0.22
2.554	0.77	0.21
2.555	0.715	0.22
2.556	0.695	0.22
2.557	0.67	0.22
2.558	0.68	0.22
2.559	0.63	0.23
2.56	0.625	0.24
2.561	0.61	0.23
2.562	0.575	0.23
2.563	0.585	0.23
2.564	0.58	0.24
2.565	0.61	0.24
2.566	0.655	0.22
2.567	0.675	0.21
2.568	0.645	0.23
2.569	0.695	0.23
2.57	0.715	0.23
2.571	0.7	0.23
2.572	0.7	0.23
2.573	0.765	0.22
2.574	0.805	0.23
2.575	0.84	0.23
2.576	0.855	0.23
2.577	0.835	0.23
2.578	0.825	0.24
2.579	0.8	0.23
2.58	0.795	0.23
2.581	0.83	0.24
2.582	0.79	0.24
2.583	0.775	0.26
2.584	0.795	0.26
2.585	0.77	0.27
2.586	0.765	0.27
2.587	0.77	0.28
2.588	0.7	0.29
2.589	0.695	0.29
2.59	0.675	0.28
2.591	0.68	0.27
2.592	0.63	0.27
2.593	0.63	0.27
2.594	0.585	0.26
2.595	0.565	0.26
2.596	0.57	0.26
2.597	0.555	0.26
2.598	0.525	0.26
2.599	0.51	0.27
2.6	0.52	0.28
2.601	0.43	0.27
2.602	0.435	0.26
2.603	0.44	0.26
2.604	0.435	0.26
2.605	0.445	0.25
2.606	0.47	0.26
2.607	0.51	0.26
2.608	0.51	0.27
2.609	0.515	0.27
2.61	0.565	0.26
2.611	0.6	0.26
2.612	0.615	0.26
2.613	0.615	0.26
2.614	0.61	0.25
2.615	0.615	0.24
2.616	0.55	0.27
2.617	0.545	0.25
2.618	0.605	0.25
2.619	0.625	0.24
2.62	0.65	0.24
2.621	0.65	0.25
2.622	0.59	0.26
2.623	0.58	0.25
2.624	0.595	0.24
2.625	0.61	0.24
2.626	0.6	0.25
2.627	0.59	0.25
2.628	0.59	0.26
2.629	0.595	0.23
2.63	0.585	0.24
2.631	0.535	0.25
2.632	0.585	0.26
2.633	0.56	0.27
2.634	0.54	0.28
2.635	0.48	0.30
2.636	0.475	0.30
2.637	0.37	0.35
2.638	0.43	0.33
2.639	0.475	0.32
2.64	0.465	0.36
2.641	0.53	0.35
2.642	0.55	0.36
2.643	0.555	0.35
2.644	0.47	0.36
2.645	0.415	0.37
2.646	0.385	0.38
2.647	0.43	0.35
2.648	0.44	0.35
2.649	0.46	0.35
2.65	0.56	0.34
2.651	0.55	0.36
2.652	0.59	0.34
2.653	0.64	0.32
2.654	0.68	0.30
2.655	0.695	0.28
2.656	0.76	0.28
2.657	0.755	0.27
2.658	0.745	0.27
2.659	0.83	0.28
2.66	0.83	0.28
2.661	0.835	0.28
2.662	0.84	0.28
2.663	0.86	0.27
2.664	0.85	0.27
2.665	0.905	0.28
2.666	0.88	0.28
2.667	0.86	0.28
2.668	0.82	0.28
2.669	0.865	0.28
2.67	0.855	0.28
2.671	0.84	0.27
2.672	0.86	0.28
2.673	0.865	0.28
2.674	0.84	0.26
2.675	0.835	0.26
2.676	0.815	0.25
2.677	0.835	0.23
2.678	0.775	0.23
2.679	0.765	0.23
2.68	0.76	0.24
2.681	0.78	0.25
2.682	0.75	0.26
2.683	0.735	0.26
2.684	0.78	0.27
2.685	0.7	0.27
2.686	0.66	0.27
2.687	0.635	0.27
2.688	0.605	0.26
2.689	0.59	0.26
2.69	0.6	0.27
2.691	0.58	0.30
2.692	0.57	0.32
2.693	0.575	0.33
2.694	0.7	0.29
2.695	0.655	0.28
2.696	0.685	0.28
2.697	0.725	0.30
2.698	0.73	0.28
2.699	0.695	0.28
2.7	0.71	0.27
2.701	0.695	0.28
2.702	0.7	0.28
2.703	0.655	0.28
2.704	0.615	0.28
2.705	0.595	0.31
2.706	0.53	0.30
2.707	0.515	0.29
2.708	0.47	0.26
2.709	0.47	0.27
2.71	0.535	0.27
2.711	0.345	0.27
2.712	0.37	0.27
2.713	0.425	0.26
2.714	0.45	0.26
2.715	0.465	0.25
2.716	0.5	0.27
2.717	0.51	0.27
2.718	0.485	0.28
2.719	0.495	0.29
2.72	0.545	0.27
2.721	0.595	0.26
2.722	0.635	0.26
2.723	0.64	0.27
2.724	0.63	0.26
2.725	0.57	0.27
2.726	0.64	0.23
2.727	0.605	0.23
2.728	0.595	0.24
2.729	0.585	0.25
2.73	0.57	0.26
2.731	0.595	0.26
2.732	0.58	0.26
2.733	0.55	0.26
2.734	0.535	0.26
2.735	0.54	0.27
2.736	0.54	0.28
2.737	0.52	0.29
2.738	0.505	0.27
2.739	0.495	0.27
2.74	0.515	0.27
2.741	0.575	0.28
2.742	0.605	0.29
2.743	0.64	0.28
2.744	0.665	0.28
2.745	0.71	0.26
2.746	0.71	0.25
2.747	0.72	0.25
2.748	0.74	0.26
2.749	0.775	0.25
2.75	0.775	0.26
2.751	0.76	0.26
2.752	0.74	0.27
2.753	0.755	0.27
2.754	0.765	0.27
2.755	0.775	0.28
2.756	0.765	0.28
2.757	0.755	0.29
2.758	0.735	0.29
2.759	0.715	0.28
2.76	0.745	0.29
2.761	0.67	0.31
2.762	0.695	0.31
2.763	0.68	0.30
2.764	0.655	0.29
2.765	0.635	0.30
2.766	0.64	0.30
2.767	0.6	0.31
2.768	0.595	0.31
2.769	0.58	0.32
2.77	0.6	0.32
2.771	0.58	0.31
2.772	0.58	0.31
2.773	0.68	0.31
2.774	0.705	0.32
2.775	0.73	0.32
2.776	0.72	0.32
2.777	0.755	0.30
2.778	0.8	0.30
2.779	0.79	0.30
2.78	0.815	0.30
2.781	0.875	0.30
2.782	0.895	0.29
2.783	0.885	0.29
2.784	0.86	0.30
2.785	0.865	0.29
2.786	0.88	0.29
2.787	0.86	0.29
2.788	0.885	0.28
2.789	0.9	0.27
2.79	0.865	0.27
2.791	0.83	0.28
2.792	0.865	0.28
2.793	0.875	0.28
2.794	0.89	0.28
2.795	0.825	0.29
2.796	0.73	0.30
2.797	0.755	0.33
2.798	0.725	0.33
2.799	0.715	0.32
2.8	0.695	0.31
2.801	0.715	0.28
2.802	0.71	0.27
2.803	0.66	0.26
2.804	0.66	0.25
2.805	0.66	0.26
2.806	0.705	0.25
2.807	0.73	0.24
2.808	0.72	0.24
2.809	0.705	0.24
2.81	0.715	0.24
2.811	0.705	0.23
2.812	0.775	0.23
2.813	0.795	0.23
2.814	0.815	0.23
2.815	0.83	0.23
2.816	0.86	0.23
2.817	0.84	0.23
2.818	0.88	0.23
2.819	0.88	0.23
2.82	0.9	0.24
2.821	0.91	0.25
2.822	0.895	0.25
2.823	0.91	0.26
2.824	0.94	0.25
2.825	0.89	0.27
2.826	0.905	0.28
2.827	0.905	0.29
2.828	0.92	0.29
2.829	0.96	0.28
2.83	0.965	0.29
2.831	1.015	0.28
2.832	1.03	0.27
2.833	1.07	0.29
2.834	1.01	0.25
2.835	1.01	0.25
2.836	1.015	0.26
2.837	0.985	0.26
2.838	0.975	0.25
2.839	0.97	0.25
2.84	1	0.24
2.841	0.94	0.26
2.842	0.905	0.29
2.843	0.865	0.31
2.844	0.855	0.31
2.845	0.86	0.31
2.846	0.85	0.31
2.847	0.815	0.33
2.848	0.78	0.33
2.849	0.74	0.38
2.85	0.74	0.40
2.851	0.745	0.32
2.852	0.775	0.28
2.853	0.755	0.27
2.854	0.765	0.29
2.855	0.72	0.29
2.856	0.705	0.29
2.857	0.705	0.29
2.858	0.74	0.29
2.859	0.725	0.30
2.86	0.755	0.29
2.861	0.795	0.28
2.862	0.82	0.29
2.863	0.84	0.30
2.864	0.83	0.29
2.865	0.82	0.28
2.866	0.85	0.28
2.867	0.855	0.28
2.868	0.845	0.28
2.869	0.86	0.28
2.87	0.87	0.28
2.871	0.865	0.28
2.872	0.87	0.27
2.873	0.925	0.29
2.874	0.885	0.26
2.875	0.86	0.26
2.876	0.855	0.27
2.877	0.825	0.26
2.878	0.78	0.28
2.879	0.74	0.29
2.88	0.725	0.29
2.881	0.71	0.30
2.882	0.715	0.29
2.883	0.71	0.29
2.884	0.715	0.29
2.885	0.725	0.29
2.886	0.715	0.29
2.887	0.765	0.29
2.888	0.79	0.28
2.889	0.83	0.27
2.89	0.8	0.28
2.891	0.795	0.29
2.892	0.795	0.29
2.893	0.825	0.28
2.894	0.805	0.28
2.895	0.82	0.28
2.896	0.805	0.29
2.897	0.835	0.28
2.898	0.83	0.27
2.899	0.82	0.28
2.9	0.795	0.28
2.901	0.83	0.28
2.902	0.905	0.27
2.903	0.92	0.27
2.904	0.88	0.27
2.905	0.84	0.28
2.906	0.835	0.28
2.907	0.79	0.29
2.908	0.765	0.28
2.909	0.77	0.28
2.91	0.775	0.28
2.911	0.78	0.28
2.912	0.73	0.28
2.913	0.735	0.28
2.914	0.705	0.29
2.915	0.66	0.30
2.916	0.64	0.29
2.917	0.64	0.29
2.918	0.615	0.30
2.919	0.62	0.30
2.92	0.63	0.29
2.921	0.655	0.27
2.922	0.64	0.26
2.923	0.61	0.26
2.924	0.585	0.26
2.925	0.545	0.26
2.926	0.54	0.28
2.927	0.545	0.28
2.928	0.54	0.28
2.929	0.565	0.27
2.93	0.61	0.27
2.931	0.645	0.28
2.932	0.67	0.27
2.933	0.725	0.26
2.934	0.785	0.27
2.935	0.83	0.28
2.936	0.88	0.27
2.937	0.875	0.28
2.938	0.89	0.28
2.939	0.91	0.28
2.94	0.94	0.28
2.941	0.99	0.28
2.942	1.01	0.28
2.943	1.005	0.28
2.944	1.005	0.28
2.945	1	0.28
2.946	1.01	0.28
2.947	0.985	0.27
2.948	0.985	0.28
2.949	0.945	0.28
2.95	0.95	0.27
2.951	0.965	0.26
2.952	0.98	0.26
2.953	1	0.27
2.954	0.98	0.26
2.955	0.96	0.27
2.956	0.97	0.27
2.957	0.895	0.28
2.958	0.9	0.27
2.959	0.93	0.27
2.96	0.89	0.27
2.961	0.88	0.28
2.962	0.915	0.28
2.963	0.915	0.28
2.964	0.925	0.28
2.965	0.91	0.28
2.966	0.91	0.28
2.967	0.87	0.29
2.968	0.865	0.29
2.969	0.86	0.29
2.97	0.83	0.30
2.971	0.8	0.30
2.972	0.79	0.29
2.973	0.81	0.27
2.974	0.745	0.28
2.975	0.675	0.25
2.976	0.7	0.25
2.977	0.68	0.25
2.978	0.66	0.24
2.979	0.615	0.25
2.98	0.61	0.25
2.981	0.61	0.24
2.982	0.61	0.25
2.983	0.58	0.27
2.984	0.605	0.27
2.985	0.63	0.26
2.986	0.675	0.25
2.987	0.64	0.25
2.988	0.625	0.25
2.989	0.625	0.25
2.99	0.64	0.25
2.991	0.63	0.27
2.992	0.665	0.27
2.993	0.72	0.26
2.994	0.725	0.27
2.995	0.77	0.26
2.996	0.78	0.26
2.997	0.785	0.25
2.998	0.805	0.25
2.999	0.8	0.25
3	0.81	0.25
3.001	0.765	0.25
3.002	0.64	0.27
3.003	0.695	0.27
3.004	0.685	0.28
3.005	0.64	0.28
3.006	0.615	0.28
3.007	0.635	0.27
3.008	0.565	0.28
3.009	0.55	0.28
3.01	0.56	0.27
3.011	0.54	0.27
3.012	0.55	0.27
3.013	0.595	0.26
3.014	0.57	0.27
3.015	0.565	0.27
3.016	0.57	0.27
3.017	0.585	0.27
3.018	0.58	0.27
3.019	0.59	0.27
3.02	0.605	0.26
3.021	0.625	0.26
3.022	0.605	0.26
3.023	0.61	0.25
3.024	0.595	0.26
3.025	0.595	0.26
3.026	0.605	0.25
3.027	0.625	0.25
3.028	0.645	0.25
3.029	0.665	0.25
3.03	0.7	0.26
3.031	0.71	0.25
3.032	0.725	0.26
3.033	0.74	0.26
3.034	0.745	0.26
3.035	0.74	0.26
3.036	0.74	0.27
3.037	0.71	0.27
3.038	0.685	0.26
3.039	0.695	0.26
3.04	0.68	0.26
3.041	0.705	0.26
3.042	0.685	0.25
3.043	0.69	0.25
3.044	0.745	0.24
3.045	0.695	0.24
3.046	0.72	0.24
3.047	0.71	0.24
3.048	0.715	0.24
3.049	0.72	0.24
3.05	0.76	0.24
3.051	0.755	0.24
3.052	0.775	0.24
3.053	0.815	0.23
3.054	0.81	0.24
3.055	0.815	0.23
3.056	0.84	0.24
3.057	0.885	0.24
3.058	0.87	0.24
3.059	0.875	0.25
3.06	0.875	0.25
3.061	0.875	0.26
3.062	0.885	0.26
3.063	0.91	0.25
3.064	0.94	0.25
3.065	1.005	0.24
3.066	0.945	0.25
3.067	0.915	0.26
3.068	0.885	0.27
3.069	0.915	0.27
3.07	0.915	0.26
3.071	0.965	0.27
3.072	0.96	0.28
3.073	1.005	0.28
3.074	1.025	0.28
3.075	1.05	0.27
3.076	1.06	0.27
3.077	1.09	0.27
3.078	1.105	0.27
3.079	1.105	0.27
3.08	1.09	0.26
3.081	1.15	0.27
3.082	1.11	0.26
3.083	1.09	0.27
3.084	1.07	0.27
3.085	1.065	0.28
3.086	1.05	0.31
3.087	1.005	0.33
3.088	1.035	0.29
3.089	1.025	0.30
3.09	1.05	0.30
3.091	1.065	0.32
3.092	1.115	0.32
3.093	1.135	0.32
3.094	1.13	0.33
3.095	1.125	0.32
3.096	1.125	0.32
3.097	1.12	0.31
3.098	1.12	0.31
3.099	1.115	0.30
3.1	1.125	0.29
3.101	1.115	0.28
3.102	1.12	0.28
3.103	1.13	0.27
3.104	1.14	0.28
3.105	1.095	0.28
3.106	1.09	0.29
3.107	1.095	0.28
3.108	1.075	0.28
3.109	1.075	0.28
3.11	1.08	0.28
3.111	1.08	0.28
3.112	1.075	0.28
3.113	1.09	0.29
3.114	1.07	0.27
3.115	1.07	0.25
3.116	1.035	0.24
3.117	1.02	0.24
3.118	0.96	0.24
3.119	0.99	0.23
3.12	0.965	0.23
3.121	0.95	0.22
3.122	0.94	0.22
3.123	0.975	0.22
3.124	0.925	0.23
3.125	0.905	0.24
3.126	0.945	0.24
3.127	0.945	0.25
3.128	0.925	0.25
3.129	0.905	0.26
3.13	0.955	0.26
3.131	0.95	0.25
3.132	0.92	0.25
3.133	0.92	0.25
3.134	0.89	0.26
3.135	0.86	0.26
3.136	0.8	0.27
3.137	0.765	0.29
3.138	0.73	0.30
3.139	0.735	0.30
3.14	0.71	0.29
3.141	0.705	0.29
3.142	0.695	0.29
3.143	0.77	0.26
3.144	0.82	0.26
3.145	0.87	0.26
3.146	0.945	0.25
3.147	0.935	0.25
3.148	0.97	0.26
3.149	1.005	0.27
3.15	1.005	0.29
3.151	1.06	0.30
3.152	1.075	0.29
3.153	1.085	0.29
3.154	1.085	0.29
3.155	1.13	0.29
3.156	1.12	0.29
3.157	1.095	0.29
3.158	1.135	0.30
3.159	1.09	0.30
3.16	1.03	0.29
3.161	1.025	0.28
3.162	0.995	0.28
3.163	0.99	0.28
3.164	0.985	0.28
3.165	0.975	0.28
3.166	0.975	0.28
3.167	0.965	0.29
3.168	0.945	0.29
3.169	0.925	0.29
3.17	0.885	0.29
3.171	0.88	0.31
3.172	0.865	0.30
3.173	0.885	0.28
3.174	0.89	0.29
3.175	0.87	0.29
3.176	0.855	0.29
3.177	0.85	0.29
3.178	0.86	0.29
3.179	0.85	0.29
3.18	0.83	0.29
3.181	0.845	0.29
3.182	0.85	0.29
3.183	0.875	0.29
3.184	0.9	0.29
3.185	0.925	0.28
3.186	0.915	0.27
3.187	0.925	0.28
3.188	0.94	0.28
3.189	0.94	0.28
3.19	1.005	0.28
3.191	0.93	0.30
3.192	0.965	0.31
3.193	1	0.29
3.194	1.05	0.29
3.195	1.07	0.29
3.196	1.04	0.29
3.197	1.02	0.29
3.198	1.025	0.29
3.199	1.04	0.29
3.2	1.045	0.30
3.201	1.035	0.30
3.202	0.995	0.30
3.203	1.025	0.33
3.204	1.03	0.33
3.205	1.005	0.33
3.206	1	0.34
3.207	1.01	0.31
3.208	1.025	0.31
3.209	1.03	0.31
3.21	0.985	0.32
3.211	0.965	0.33
3.212	0.965	0.32
3.213	0.96	0.30
3.214	0.935	0.30
3.215	0.905	0.29
3.216	0.925	0.31
3.217	0.91	0.31
3.218	0.9	0.32
3.219	0.915	0.31
3.22	0.94	0.31
3.221	0.925	0.29
3.222	0.905	0.30
3.223	0.88	0.31
3.224	0.88	0.30
3.225	0.915	0.30
3.226	0.96	0.30
3.227	0.955	0.30
3.228	0.915	0.28
3.229	0.935	0.30
3.23	0.975	0.30
3.231	0.925	0.30
3.232	0.93	0.29
3.233	0.9	0.30
3.234	0.885	0.30
3.235	0.89	0.29
3.236	0.88	0.28
3.237	0.86	0.28
3.238	0.865	0.28
3.239	0.87	0.28
3.24	0.915	0.29
3.241	0.9	0.29
3.242	0.875	0.27
3.243	0.9	0.27
3.244	0.905	0.28
3.245	0.88	0.28
3.246	0.855	0.27
3.247	0.87	0.27
3.248	0.895	0.27
3.249	0.915	0.26
3.25	0.915	0.26
3.251	0.885	0.27
3.252	0.88	0.28
3.253	0.89	0.30
3.254	0.9	0.31
3.255	0.99	0.36
3.256	1.05	0.35
3.257	1.105	0.34
3.258	1.065	0.34
3.259	1.015	0.36
3.26	1.03	0.33
3.261	1.045	0.30
3.262	1.045	0.29
3.263	1.06	0.29
3.264	1.065	0.30
3.265	1.035	0.35
3.266	1.01	0.35
3.267	1.005	0.35
3.268	1	0.35
3.269	0.99	0.35
3.27	0.975	0.33
3.271	0.94	0.33
3.272	0.965	0.33
3.273	0.97	0.33
3.274	0.975	0.33
3.275	0.99	0.33
3.276	1.015	0.32
3.277	1.01	0.32
3.278	0.945	0.35
3.279	0.96	0.33
3.28	1.05	0.33
3.281	0.96	0.32
3.282	0.96	0.33
3.283	0.905	0.32
3.284	0.85	0.32
3.285	0.83	0.33
3.286	0.8	0.34
3.287	0.745	0.34
3.288	0.685	0.34
3.289	0.665	0.34
3.29	0.655	0.34
3.291	0.645	0.34
3.292	0.625	0.31
3.293	0.615	0.31
3.294	0.65	0.32
3.295	0.665	0.31
3.296	0.665	0.31
3.297	0.64	0.31
3.298	0.62	0.31
3.299	0.64	0.31
3.3	0.66	0.30
3.301	0.665	0.30
3.302	0.625	0.30
3.303	0.675	0.30
3.304	0.715	0.30
3.305	0.69	0.29
3.306	0.675	0.29
3.307	0.65	0.29
3.308	0.62	0.30
3.309	0.605	0.29
3.31	0.61	0.28
3.311	0.645	0.28
3.312	0.75	0.26
3.313	0.735	0.28
3.314	0.79	0.27
3.315	0.81	0.27
3.316	0.835	0.28
3.317	0.855	0.28
3.318	0.87	0.28
3.319	0.87	0.27
3.32	0.94	0.27
3.321	0.915	0.28
3.322	0.895	0.29
3.323	0.89	0.30
3.324	0.875	0.30
3.325	0.845	0.30
3.326	0.845	0.30
3.327	0.84	0.30
3.328	0.83	0.30
3.329	0.835	0.30
3.33	0.805	0.29
3.331	0.825	0.29
3.332	0.825	0.29
3.333	0.89	0.28
3.334	0.925	0.31
3.335	0.92	0.31
3.336	0.87	0.30
3.337	0.865	0.31
3.338	0.86	0.31
3.339	0.83	0.30
3.34	0.895	0.30
3.341	0.865	0.31
3.342	0.845	0.31
3.343	0.87	0.31
3.344	0.86	0.30
3.345	0.85	0.30
3.346	0.86	0.31
3.347	0.87	0.31
3.348	0.905	0.32
3.349	0.905	0.30
3.35	0.91	0.30
3.351	0.93	0.30
3.352	1.11	0.30
3.353	1.11	0.31
3.354	1.12	0.32
3.355	1.135	0.31
3.356	1.175	0.31
3.357	1.135	0.30
3.358	1.16	0.30
3.359	1.155	0.30
3.36	1.155	0.31
3.361	1.205	0.31
3.362	1.17	0.31
3.363	1.165	0.31
3.364	1.135	0.31
3.365	1.22	0.35
3.366	1.12	0.33
3.367	1.065	0.32
3.368	1.085	0.33
3.369	1.055	0.34
3.37	1.025	0.32
3.371	1.045	0.31
3.372	0.98	0.31
3.373	1.02	0.29
3.374	1.005	0.29
3.375	0.975	0.28
3.376	0.965	0.28
3.377	0.935	0.27
3.378	0.945	0.27
3.379	0.97	0.27
3.38	1.03	0.26
3.381	0.99	0.27
3.382	0.99	0.29
3.383	1.045	0.27
3.384	1.03	0.28
3.385	1.035	0.29
3.386	1.025	0.29
3.387	1.065	0.30
3.388	1.11	0.31
3.389	1.105	0.32
3.39	1.11	0.33
3.391	1.105	0.34
3.392	1.095	0.34
3.393	1.09	0.34
3.394	1.155	0.34
3.395	1.08	0.32
3.396	1.055	0.33
3.397	1.06	0.32
3.398	1.045	0.32
3.399	1.055	0.34
3.4	1.08	0.35
3.401	1.09	0.35
3.402	1.06	0.36
3.403	1.035	0.38
3.404	1.05	0.37
3.405	1.085	0.35
3.406	1.155	0.35
3.407	1.17	0.35
3.408	1.18	0.35
3.409	1.18	0.36
3.41	1.185	0.34
3.411	1.205	0.33
3.412	1.225	0.35
3.413	1.21	0.37
3.414	1.215	0.38
3.415	1.195	0.35
3.416	1.25	0.33
3.417	1.215	0.34
3.418	1.25	0.33
3.419	1.17	0.33
3.42	1.12	0.33
3.421	1.175	0.33
3.422	1.115	0.33
3.423	1.08	0.33
3.424	1.065	0.33
3.425	1.07	0.33
3.426	1.075	0.34
3.427	1.065	0.34
3.428	1.035	0.33
3.429	1.035	0.34
3.43	1.035	0.36
3.431	1.025	0.39
3.432	1.105	0.35
3.433	1.11	0.33
3.434	1.145	0.33
3.435	1.06	0.37
3.436	1.095	0.35
3.437	1.11	0.35
3.438	1.11	0.36
3.439	1.145	0.36
3.44	1.19	0.36
3.441	1.1	0.39
3.442	1.105	0.36
3.443	1.08	0.35
3.444	1.045	0.34
3.445	1.12	0.32
3.446	1.125	0.34
3.447	1.14	0.34
3.448	1.175	0.34
3.449	1.185	0.34
3.45	1.15	0.34
3.451	1.15	0.34
3.452	1.145	0.34
3.453	1.135	0.34
3.454	1.14	0.34
3.455	1.14	0.34
3.456	1.155	0.34
3.457	1.175	0.32
3.458	1.19	0.32
3.459	1.225	0.33
3.46	1.19	0.33
3.461	1.16	0.34
3.462	1.145	0.36
3.463	1.12	0.36
3.464	1.1	0.37
3.465	1.05	0.35
3.466	1.035	0.36
3.467	0.915	0.33
3.468	1.03	0.35
3.469	1.055	0.35
3.47	1.05	0.34
3.471	1.09	0.34
3.472	1.11	0.33
3.473	1.15	0.33
3.474	1.145	0.32
3.475	1.18	0.32
3.476	1.265	0.34
3.477	1.29	0.33
3.478	1.33	0.34
3.479	1.26	0.33
3.48	1.33	0.34
3.481	1.325	0.36
3.482	1.32	0.36
3.483	1.325	0.36
3.484	1.33	0.36
3.485	1.33	0.36
3.486	1.33	0.37
3.487	1.36	0.36
3.488	1.35	0.37
3.489	1.37	0.36
3.49	1.37	0.36
3.491	1.42	0.36
3.492	1.415	0.33
3.493	1.415	0.35
3.494	1.41	0.35
3.495	1.41	0.36
3.496	1.415	0.35
3.497	1.415	0.36
3.498	1.4	0.37
3.499	1.395	0.38
3.5	1.32	0.37
3.501	1.4	0.40
3.502	1.385	0.39
3.503	1.365	0.39
3.504	1.36	0.39
3.505	1.345	0.40
3.506	1.335	0.41
3.507	1.315	0.43
3.508	1.285	0.45
3.509	1.26	0.45
3.51	1.245	0.46
3.511	1.215	0.47
3.512	1.11	0.48
3.513	1.105	0.48
3.514	1.11	0.48
3.515	1.115	0.48
3.516	1.115	0.47
3.517	1.1	0.47
3.518	1.09	0.46
3.519	1.145	0.49
3.52	1.165	0.50
3.521	1.175	0.48
3.522	1.18	0.47
3.523	1.185	0.46
3.524	1.2	0.46
3.525	1.235	0.47
3.526	1.245	0.44
3.527	1.225	0.47
3.528	1.25	0.47
3.529	1.31	0.45
3.53	1.25	0.47
3.531	1.24	0.46
3.532	1.235	0.46
3.533	1.215	0.45
3.534	1.21	0.44
3.535	1.2	0.44
3.536	1.22	0.41
3.537	1.145	0.38
3.538	1.165	0.40
3.539	1.14	0.39
3.54	1.11	0.39
3.541	1.135	0.40
3.542	1.145	0.40
3.543	1.15	0.40
3.544	1.175	0.41
3.545	1.22	0.40
3.546	1.195	0.40
3.547	1.195	0.38
3.548	1.205	0.39
3.549	1.2	0.38
3.55	1.205	0.38
3.551	1.225	0.38
3.552	1.215	0.38
3.553	1.23	0.39
3.554	1.225	0.38
3.555	1.205	0.37
3.556	1.24	0.35
3.557	1.225	0.34
3.558	1.28	0.37
3.559	1.16	0.35
3.56	1.17	0.33
3.561	1.15	0.36
3.562	1.185	0.37
3.563	1.15	0.38
3.564	1.16	0.35
3.565	1.175	0.34
3.566	1.145	0.34
3.567	1.18	0.36
3.568	1.205	0.35
3.569	1.18	0.37
3.57	1.19	0.36
3.571	1.23	0.36
3.572	1.235	0.37
3.573	1.215	0.36
3.574	1.215	0.36
3.575	1.205	0.35
3.576	1.17	0.34
3.577	1.14	0.33
3.578	1.125	0.33
3.579	1.11	0.32
3.58	1.1	0.32
3.581	1.09	0.32
3.582	1.09	0.32
3.583	1.11	0.31
3.584	1.155	0.32
3.585	1.185	0.32
3.586	1.145	0.31
3.587	1.185	0.33
3.588	1.24	0.34
3.589	1.285	0.35
3.59	1.295	0.36
3.591	1.29	0.36
3.592	1.32	0.35
3.593	1.28	0.33
3.594	1.29	0.35
3.595	1.305	0.37
3.596	1.265	0.36
3.597	1.285	0.36
3.598	1.305	0.37
3.599	1.35	0.38
3.6	1.36	0.36
3.601	1.4	0.38
3.602	1.41	0.39
3.603	1.405	0.39
3.604	1.445	0.38
3.605	1.45	0.38
3.606	1.45	0.37
3.607	1.43	0.36
3.608	1.425	0.36
3.609	1.42	0.37
3.61	1.415	0.37
3.611	1.405	0.38
3.612	1.39	0.37
3.613	1.405	0.37
3.614	1.305	0.36
3.615	1.355	0.39
3.616	1.19	0.37
3.617	1.36	0.36
3.618	1.355	0.39
3.619	1.37	0.38
3.62	1.395	0.36
3.621	1.355	0.38
3.622	1.335	0.39
3.623	1.35	0.38
3.624	1.38	0.36
3.625	1.4	0.35
3.626	1.42	0.34
3.627	1.405	0.33
3.628	1.375	0.33
3.629	1.355	0.33
3.63	1.345	0.33
3.631	1.33	0.34
3.632	1.325	0.34
3.633	1.325	0.34
3.634	1.315	0.34
3.635	1.32	0.35
3.636	1.255	0.33
3.637	1.285	0.36
3.638	1.305	0.37
3.639	1.295	0.38
3.64	1.285	0.35
3.641	1.25	0.34
3.642	1.24	0.33
3.643	1.275	0.35
3.644	1.31	0.36
3.645	1.32	0.36
3.646	1.355	0.35
3.647	1.345	0.34
3.648	1.34	0.34
3.649	1.345	0.34
3.65	1.33	0.34
3.651	1.37	0.34
3.652	1.37	0.33
3.653	1.36	0.34
3.654	1.345	0.34
3.655	1.33	0.34
3.656	1.31	0.35
3.657	1.31	0.35
3.658	1.315	0.35
3.659	1.155	0.33
3.66	1.3	0.36
3.661	1.31	0.36
3.662	1.325	0.36
3.663	1.335	0.35
3.664	1.325	0.35
3.665	1.33	0.35
3.666	1.345	0.34
3.667	1.265	0.33
3.668	1.335	0.32
3.669	1.415	0.33
3.67	1.295	0.29
3.671	1.295	0.31
3.672	1.265	0.34
3.673	1.23	0.35
3.674	1.215	0.35
3.675	1.22	0.36
3.676	1.25	0.36
3.677	1.265	0.37
3.678	1.26	0.37
3.679	1.26	0.38
3.68	1.285	0.36
3.681	1.275	0.38
3.682	1.375	0.42
3.683	1.39	0.43
3.684	1.39	0.43
3.685	1.385	0.43
3.686	1.385	0.42
3.687	1.37	0.44
3.688	1.38	0.45
3.689	1.38	0.46
3.69	1.38	0.47
3.691	1.38	0.48
3.692	1.36	0.45
3.693	1.38	0.48
3.694	1.325	0.44
3.695	1.34	0.47
3.696	1.31	0.47
3.697	1.295	0.47
3.698	1.285	0.47
3.699	1.275	0.48
3.7	1.25	0.48
3.701	1.225	0.47
3.702	1.12	0.43
3.703	1.19	0.47
3.704	1.185	0.47
3.705	1.185	0.47
3.706	1.19	0.46
3.707	1.19	0.46
3.708	1.18	0.46
3.709	1.17	0.45
3.71	1.2	0.42
3.711	1.18	0.44
3.712	1.23	0.42
3.713	1.19	0.46
3.714	1.19	0.48
3.715	1.195	0.49
3.716	1.195	0.50
3.717	1.26	0.49
3.718	1.275	0.48
3.719	1.31	0.47
3.72	1.26	0.44
3.721	1.35	0.45
3.722	1.36	0.44
3.723	1.36	0.44
3.724	1.37	0.43
3.725	1.415	0.42
3.726	1.35	0.40
3.727	1.355	0.40
3.728	1.35	0.40
3.729	1.335	0.40
3.73	1.32	0.41
3.731	1.305	0.41
3.732	1.255	0.39
3.733	1.305	0.39
3.734	1.29	0.43
3.735	1.3	0.43
3.736	1.325	0.43
3.737	1.315	0.41
3.738	1.31	0.39
3.739	1.32	0.39
3.74	1.29	0.37
3.741	1.35	0.38
3.742	1.365	0.38
3.743	1.37	0.41
3.744	1.365	0.41
3.745	1.45	0.42
3.746	1.35	0.42
3.747	1.365	0.43
3.748	1.38	0.44
3.749	1.395	0.43
3.75	1.325	0.44
3.751	1.35	0.44
3.752	1.215	0.45
3.753	1.365	0.46
3.754	1.375	0.45
3.755	1.38	0.46
3.756	1.43	0.41
3.757	1.39	0.44
3.758	1.38	0.47
3.759	1.39	0.49
3.76	1.46	0.45
3.761	1.44	0.47
3.762	1.435	0.45
3.763	1.475	0.45
3.764	1.495	0.44
3.765	1.5	0.43
3.766	1.495	0.44
3.767	1.49	0.45
3.768	1.485	0.46
3.769	1.465	0.44
3.77	1.515	0.44
3.771	1.51	0.44
3.772	1.435	0.43
3.773	1.49	0.41
3.774	1.49	0.44
3.775	1.485	0.43
3.776	1.48	0.43
3.777	1.465	0.42
3.778	1.445	0.42
3.779	1.425	0.41
3.78	1.405	0.41
3.781	1.385	0.41
3.782	1.36	0.41
3.783	1.345	0.41
3.784	1.345	0.42
3.785	1.365	0.39
3.786	1.37	0.39
3.787	1.365	0.39
3.788	1.355	0.38
3.789	1.35	0.38
3.79	1.35	0.38
3.791	1.375	0.43
3.792	1.375	0.43
3.793	1.38	0.44
3.794	1.385	0.44
3.795	1.39	0.45
3.796	1.395	0.46
3.797	1.41	0.46
3.798	1.515	0.47
3.799	1.385	0.46
3.8	1.38	0.46
3.801	1.37	0.46
3.802	1.365	0.47
3.803	1.355	0.47
3.804	1.35	0.47
3.805	1.39	0.44
3.806	1.38	0.45
3.807	1.385	0.44
3.808	1.39	0.42
3.809	1.375	0.41
3.81	1.34	0.35
3.811	1.38	0.42
3.812	1.39	0.43
3.813	1.42	0.40
3.814	1.385	0.43
3.815	1.375	0.43
3.816	1.32	0.44
3.817	1.36	0.50
3.818	1.33	0.47
3.819	1.35	0.49
3.82	1.35	0.48
3.821	1.38	0.49
3.822	1.385	0.48
3.823	1.36	0.47
3.824	1.345	0.46
3.825	1.355	0.41
3.826	1.4	0.43
3.827	1.395	0.43
3.828	1.39	0.43
3.829	1.38	0.44
3.83	1.39	0.44
3.831	1.405	0.44
3.832	1.39	0.46
3.833	1.45	0.48
3.834	1.375	0.49
3.835	1.38	0.49
3.836	1.375	0.51
3.837	1.42	0.49
3.838	1.395	0.56
3.839	1.39	0.58
3.84	1.375	0.58
3.841	1.415	0.56
3.842	1.455	0.53
3.843	1.465	0.52
3.844	1.48	0.52
3.845	1.5	0.53
3.846	1.49	0.53
3.847	1.5	0.54
3.848	1.49	0.54
3.849	1.485	0.55
3.85	1.45	0.51
3.851	1.465	0.50
3.852	1.455	0.45
3.853	1.49	0.48
3.854	1.525	0.47
3.855	1.54	0.47
3.856	1.555	0.48
3.857	1.565	0.48
3.858	1.575	0.49
3.859	1.545	0.46
3.86	1.505	0.43
3.861	1.55	0.47
3.862	1.53	0.48
3.863	1.495	0.48
3.864	1.49	0.45
3.865	1.47	0.43
3.866	1.455	0.42
3.867	1.465	0.41
3.868	1.37	0.34
3.869	1.415	0.45
3.87	1.4	0.47
3.871	1.375	0.48
3.872	1.36	0.50
3.873	1.365	0.50
3.874	1.37	0.51
3.875	1.38	0.51
3.876	1.395	0.52
3.877	1.4	0.52
3.878	1.385	0.47
3.879	1.42	0.52
3.88	1.425	0.52
3.881	1.44	0.53
3.882	1.45	0.52
3.883	1.475	0.52
3.884	1.495	0.52
3.885	1.53	0.53
3.886	1.555	0.54
3.887	1.57	0.54
3.888	1.59	0.53
3.889	1.595	0.53
3.89	1.605	0.52
3.891	1.59	0.52
3.892	1.52	0.46
3.893	1.52	0.49
3.894	1.52	0.53
3.895	1.485	0.53
3.896	1.455	0.53
3.897	1.575	0.50
3.898	1.485	0.53
3.899	1.495	0.53
3.9	1.495	0.52
3.901	1.525	0.49
3.902	1.525	0.48
3.903	1.52	0.48
3.904	1.52	0.48
3.905	1.47	0.49
3.906	1.465	0.49
3.907	1.455	0.48
3.908	1.44	0.48
3.909	1.43	0.48
3.91	1.405	0.44
3.911	1.415	0.48
3.912	1.395	0.48
3.913	1.39	0.48
3.914	1.475	0.47
3.915	1.455	0.47
3.916	1.375	0.40
3.917	1.35	0.40
3.918	1.415	0.39
3.919	1.305	0.39
3.92	1.265	0.38
3.921	1.275	0.39
3.922	1.285	0.39
3.923	1.295	0.40
3.924	1.3	0.40
3.925	1.33	0.40
3.926	1.325	0.41
3.927	1.4	0.41
3.928	1.495	0.45
3.929	1.495	0.45
3.93	1.49	0.45
3.931	1.38	0.41
3.932	1.5	0.46
3.933	1.5	0.44
3.934	1.51	0.42
3.935	1.59	0.47
3.936	1.595	0.48
3.937	1.615	0.48
3.938	1.62	0.49
3.939	1.605	0.48
3.94	1.585	0.47
3.941	1.585	0.47
3.942	1.59	0.47
3.943	1.595	0.47
3.944	1.605	0.47
3.945	1.605	0.47
3.946	1.625	0.47
3.947	1.62	0.47
3.948	1.625	0.47
3.949	1.625	0.47
3.95	1.505	0.48
3.951	1.405	0.42
3.952	1.535	0.46
3.953	1.535	0.46
3.954	1.525	0.45
3.955	1.525	0.45
3.956	1.53	0.45
3.957	1.55	0.45
3.958	1.555	0.46
3.959	1.54	0.47
3.96	1.48	0.44
3.961	1.555	0.45
3.962	1.535	0.48
3.963	1.525	0.49
3.964	1.51	0.49
3.965	1.5	0.49
3.966	1.49	0.49
3.967	1.48	0.49
3.968	1.47	0.50
3.969	1.465	0.50
3.97	1.455	0.51
3.971	1.44	0.51
3.972	1.43	0.52
3.973	1.32	0.47
3.974	1.28	0.49
3.975	1.385	0.52
3.976	1.385	0.54
3.977	1.385	0.54
3.978	1.38	0.54
3.979	1.4	0.55
3.98	1.39	0.54
3.981	1.375	0.53
3.982	1	0.51
3.983	1	0.50
3.984	0.895	0.42
3.985	1.045	0.50
3.986	1.075	0.48
3.987	1.075	0.50
3.988	1.13	0.48
3.989	1.15	0.48
3.99	1.205	0.47
3.991	1.24	0.47
3.992	1.27	0.47
3.993	1.295	0.47
3.994	1.315	0.47
3.995	1.34	0.47
3.996	1.37	0.47
3.997	1.405	0.48
3.998	1.395	0.50
3.999	1.425	0.51
4	1.485	0.45
4.001	1.46	0.52
4.002	1.63	0.54
4.003	1.46	0.52
4.004	1.53	0.51
4.005	1.305	0.40
4.006	1.35	0.44
4.007	1.335	0.44
4.008	1.3	0.44
4.009	1.29	0.44
4.01	1.29	0.47
4.011	1.285	0.48
4.012	1.34	0.46
4.013	1.32	0.48
4.014	1.345	0.48
4.015	1.38	0.46
4.016	1.27	0.42
4.017	1.355	0.41
4.018	1.37	0.42
4.019	1.43	0.44
4.02	1.445	0.44
4.021	1.485	0.45
4.022	1.495	0.45
4.023	1.685	0.50
4.024	1.725	0.50
4.025	1.705	0.53
4.026	1.715	0.53
4.027	1.575	0.61
4.028	1.575	0.59
4.029	1.545	0.61
4.03	1.505	0.59
4.031	1.505	0.60
4.032	1.5	0.64
4.033	1.46	0.64
4.034	1.44	0.63
4.035	1.42	0.63
4.036	1.4	0.62
4.037	1.285	0.55
4.038	1.37	0.62
4.039	1.305	0.56
4.04	1.37	0.56
4.041	1.3	0.63
4.042	1.265	0.60
4.043	1.265	0.64
4.044	1.29	0.61
4.045	1.255	0.65
4.046	1.37	0.66
4.047	1.255	0.62
4.048	1.26	0.62
4.049	1.3	0.60
4.05	1.35	0.59
4.051	1.205	0.52
4.052	1.43	0.57
4.053	1.455	0.53
4.054	1.49	0.56
4.055	1.515	0.56
4.056	1.535	0.56
4.057	1.56	0.56
4.058	1.57	0.56
4.059	1.65	0.54
4.06	1.57	0.51
4.061	1.625	0.55
4.062	1.6	0.56
4.063	1.575	0.56
4.064	1.555	0.56
4.065	1.55	0.56
4.066	1.565	0.53
4.067	1.535	0.56
4.068	1.525	0.55
4.069	1.52	0.55
4.07	1.505	0.55
4.071	1.49	0.54
4.072	1.5	0.52
4.073	1.525	0.53
4.074	1.445	0.52
4.075	1.495	0.54
4.076	1.365	0.48
4.077	1.535	0.54
4.078	1.515	0.47
4.079	1.56	0.54
4.08	1.55	0.50
4.081	1.515	0.55
4.082	1.5	0.56
4.083	1.475	0.56
4.084	1.545	0.51
4.085	1.43	0.53
4.086	1.46	0.56
4.087	1.455	0.56
4.088	1.43	0.54
4.089	1.45	0.57
4.09	1.4	0.54
4.091	1.455	0.57
4.092	1.45	0.57
4.093	1.45	0.58
4.094	1.44	0.58
4.095	1.43	0.58
4.096	1.41	0.58
4.097	1.405	0.58
4.098	1.405	0.58
4.099	1.43	0.58
4.1	1.45	0.57
4.101	1.47	0.57
4.102	1.5	0.57
4.103	1.43	0.60
4.104	1.44	0.61
4.105	1.55	0.54
4.106	1.455	0.61
4.107	1.455	0.61
4.108	1.36	0.59
4.109	1.355	0.58
4.11	1.33	0.56
4.111	1.455	0.64
4.112	1.5	0.69
4.113	1.475	0.69
4.114	1.44	0.64
4.115	1.42	0.64
4.116	1.38	0.69
4.117	1.21	0.59
4.118	1.2	0.60
4.119	1.15	0.55
4.12	1.29	0.51
4.121	1.26	0.54
4.122	1.26	0.55
4.123	1.275	0.55
4.124	1.285	0.56
4.125	1.285	0.56
4.126	1.225	0.55
4.127	1.225	0.56
4.128	1.22	0.56
4.129	1.235	0.56
4.13	1.235	0.50
4.131	1.335	0.64
4.132	1.375	0.59
4.133	1.33	0.64
4.134	1.33	0.61
4.135	1.355	0.64
4.136	1.365	0.63
4.137	1.37	0.63
4.138	1.35	0.58
4.139	1.365	0.63
4.14	1.3	0.59
4.141	1.36	0.62
4.142	1.365	0.62
4.143	1.43	0.59
4.144	1.385	0.61
4.145	1.4	0.61
4.146	1.41	0.61
4.147	1.41	0.58
4.148	1.42	0.58
4.149	1.42	0.58
4.15	1.42	0.59
4.151	1.42	0.59
4.152	1.415	0.59
4.153	1.42	0.59
4.154	1.425	0.60
4.155	1.425	0.60
4.156	1.36	0.62
4.157	1.37	0.62
4.158	1.355	0.60
4.159	1.39	0.62
4.16	1.395	0.50
4.161	1.305	0.54
4.162	1.32	0.55
4.163	1.315	0.55
4.164	1.31	0.55
4.165	1.3	0.55
4.166	1.42	0.62
4.167	1.42	0.59
4.168	1.46	0.58
4.169	1.5	0.58
4.17	1.54	0.54
4.171	1.555	0.54
4.172	1.615	0.55
4.173	1.555	0.58
4.174	1.555	0.57
4.175	1.475	0.57
4.176	1.52	0.57
4.177	1.47	0.61
4.178	1.345	0.54
4.179	1.42	0.58
4.18	1.515	0.60
4.181	1.53	0.59
4.182	1.55	0.59
4.183	1.575	0.58
4.184	1.6	0.58
4.185	1.59	0.57
4.186	1.575	0.56
4.187	1.55	0.56
4.188	1.51	0.56
4.189	1.465	0.57
4.19	1.42	0.57
4.191	1.375	0.57
4.192	1.32	0.57
4.193	1.265	0.54
4.194	1.2	0.55
4.195	1.15	0.54
4.196	1.12	0.54
4.197	1.09	0.54
4.198	1.07	0.54
4.199	1.055	0.54
4.2	1.315	0.47
4.201	1.285	0.53
4.202	1.275	0.52
4.203	1.255	0.53
4.204	1.25	0.52
4.205	1.4	0.50
4.206	1.28	0.56
4.207	1.275	0.56
4.208	1.355	0.52
4.209	1.315	0.51
4.21	1.35	0.51
4.211	1.32	0.52
4.212	1.32	0.51
4.213	1.32	0.51
4.214	1.415	0.48
4.215	1.39	0.48
4.216	1.385	0.48
4.217	1.39	0.49
4.218	1.35	0.51
4.219	1.355	0.52
4.22	1.365	0.52
4.221	1.375	0.52
4.222	1.385	0.49
4.223	1.475	0.54
4.224	1.48	0.54
4.225	1.485	0.54
4.226	1.45	0.52
4.227	1.45	0.52
4.228	1.45	0.53
4.229	1.535	0.48
4.23	1.51	0.46
4.231	1.525	0.49
4.232	1.52	0.49
4.233	1.52	0.50
4.234	1.525	0.50
4.235	1.44	0.48
4.236	1.43	0.51
4.237	1.51	0.51
4.238	1.48	0.50
4.239	1.5	0.51
4.24	1.52	0.51
4.241	1.535	0.54
4.242	1.53	0.54
4.243	1.545	0.51
4.244	1.495	0.55
4.245	1.42	0.50
4.246	1.47	0.56
4.247	1.46	0.56
4.248	1.45	0.57
4.249	1.435	0.57
4.25	1.44	0.52
4.251	1.405	0.57
4.252	1.39	0.57
4.253	1.375	0.57
4.254	1.3	0.50
4.255	1.36	0.60
4.256	1.435	0.57
4.257	1.54	0.51
4.258	1.445	0.58
4.259	1.435	0.59
4.26	1.385	0.56
4.261	1.415	0.62
4.262	1.4	0.63
4.263	1.445	0.62
4.264	1.485	0.60
4.265	1.525	0.59
4.266	1.57	0.57
4.267	1.545	0.54
4.268	1.54	0.59
4.269	1.515	0.56
4.27	1.54	0.61
4.271	1.495	0.64
4.272	1.5	0.69
4.273	1.495	0.70
4.274	1.49	0.70
4.275	1.5	0.70
4.276	1.51	0.69
4.277	1.525	0.69
4.278	1.54	0.69
4.279	1.515	0.71
4.28	1.605	0.58
4.281	1.61	0.57
4.282	1.615	0.56
4.283	1.61	0.57
4.284	1.55	0.58
4.285	1.54	0.58
4.286	1.455	0.56
4.287	1.47	0.56
4.288	1.525	0.60
4.289	1.52	0.59
4.29	1.6	0.48
4.291	1.52	0.59
4.292	1.52	0.58
4.293	1.52	0.58
4.294	1.57	0.65
4.295	1.51	0.51
4.296	1.61	0.58
4.297	1.63	0.56
4.298	1.65	0.54
4.299	1.57	0.49
4.3	1.675	0.58
4.301	1.495	0.50
4.302	1.61	0.49
4.303	1.575	0.51
4.304	1.555	0.52
4.305	1.535	0.54
4.306	1.54	0.53
4.307	1.55	0.52
4.308	1.555	0.51
4.309	1.56	0.51
4.31	1.56	0.50
4.311	1.555	0.48
4.312	1.53	0.51
4.313	1.46	0.55
4.314	1.42	0.54
4.315	1.47	0.53
4.316	1.4	0.47
4.317	1.445	0.53
4.318	1.46	0.52
4.319	1.5	0.53
4.32	1.445	0.52
4.321	1.42	0.57
4.322	1.325	0.61
4.323	1.325	0.61
4.324	1.32	0.60
4.325	1.32	0.59
4.326	1.315	0.59
4.327	1.305	0.59
4.328	1.275	0.60
4.329	1.255	0.62
4.33	1.26	0.60
4.331	1.265	0.59
4.332	1.27	0.59
4.333	1.375	0.59
4.334	1.28	0.59
4.335	1.325	0.56
4.336	1.275	0.59
4.337	1.27	0.60
4.338	1.155	0.52
4.339	1.295	0.56
4.34	1.205	0.53
4.341	1.235	0.55
4.342	1.245	0.55
4.343	1.21	0.59
4.344	1.075	0.45
4.345	1.19	0.59
4.346	1.19	0.59
4.347	1.2	0.59
4.348	1.22	0.58
4.349	1.24	0.57
4.35	1.27	0.56
4.351	1.29	0.55
4.352	1.315	0.51
4.353	1.35	0.53
4.354	1.34	0.54
4.355	1.325	0.55
4.356	1.485	0.57
4.357	1.355	0.54
4.358	1.395	0.53
4.359	1.43	0.51
4.36	1.355	0.40
4.361	1.34	0.41
4.362	1.37	0.41
4.363	1.375	0.41
4.364	1.365	0.41
4.365	1.32	0.41
4.366	1.345	0.42
4.367	1.32	0.43
4.368	1.31	0.43
4.369	1.305	0.43
4.37	1.295	0.43
4.371	1.29	0.43
4.372	1.305	0.41
4.373	1.33	0.40
4.374	1.35	0.38
4.375	1.295	0.41
4.376	1.29	0.42
4.377	1.295	0.42
4.378	1.32	0.41
4.379	1.335	0.41
4.38	1.455	0.46
4.381	1.48	0.45
4.382	1.48	0.45
4.383	1.47	0.46
4.384	1.47	0.46
4.385	1.47	0.46
4.386	1.465	0.42
4.387	1.475	0.44
4.388	1.47	0.44
4.389	1.46	0.41
4.39	1.45	0.40
4.391	1.505	0.43
4.392	1.5	0.41
4.393	1.385	0.37
4.394	1.425	0.40
4.395	1.435	0.42
4.396	1.415	0.42
4.397	1.395	0.43
4.398	1.395	0.43
4.399	1.395	0.42
4.4	1.38	0.45
4.401	1.53	0.54
4.402	1.295	0.51
4.403	1.265	0.52
4.404	1.305	0.58
4.405	1.24	0.54
4.406	1.21	0.54
4.407	1.18	0.52
4.408	1.24	0.51
4.409	1.22	0.51
4.41	1.195	0.50
4.411	1.285	0.49
4.412	1.18	0.51
4.413	1.17	0.51
4.414	1.155	0.51
4.415	1.15	0.51
4.416	1.145	0.51
4.417	1.125	0.55
4.418	1.13	0.55
4.419	1.135	0.55
4.42	1.195	0.50
4.421	1.165	0.55
4.422	1.17	0.50
4.423	1.185	0.50
4.424	1.32	0.45
4.425	1.385	0.54
4.426	1.22	0.49
4.427	1.235	0.49
4.428	1.27	0.50
4.429	1.28	0.50
4.43	1.285	0.50
4.431	1.235	0.51
4.432	1.29	0.50
4.433	1.295	0.50
4.434	1.28	0.43
4.435	1.31	0.49
4.436	1.31	0.49
4.437	1.305	0.49
4.438	1.3	0.49
4.439	1.33	0.46
4.44	1.275	0.47
4.441	1.345	0.47
4.442	1.34	0.47
4.443	1.275	0.42
4.444	1.34	0.46
4.445	1.345	0.46
4.446	1.535	0.48
4.447	1.34	0.46
4.448	1.305	0.45
4.449	1.315	0.45
4.45	1.225	0.35
4.451	1.265	0.40
4.452	1.235	0.42
4.453	1.25	0.44
4.454	1.25	0.44
4.455	1.245	0.44
4.456	1.245	0.44
4.457	1.19	0.44
4.458	1.135	0.45
4.459	1.075	0.46
4.46	1.05	0.44
4.461	1.065	0.45
4.462	1.06	0.45
4.463	1.09	0.45
4.464	1.115	0.45
4.465	1.15	0.45
4.466	1.165	0.45
4.467	1.175	0.44
4.468	1.185	0.44
4.469	1.4	0.51
4.47	1.22	0.44
4.471	1.365	0.51
4.472	1.385	0.50
4.473	1.415	0.50
4.474	1.45	0.50
4.475	1.485	0.48
4.476	1.48	0.46
4.477	1.48	0.45
4.478	1.475	0.43
4.479	1.505	0.47
4.48	1.43	0.36
4.481	1.455	0.45
4.482	1.415	0.44
4.483	1.425	0.46
4.484	1.41	0.46
4.485	1.4	0.46
4.486	1.39	0.46
4.487	1.385	0.46
4.488	1.37	0.46
4.489	1.37	0.46
4.49	1.35	0.46
4.491	1.28	0.46
4.492	1.32	0.47
4.493	1.15	0.36
4.494	1.29	0.44
4.495	1.275	0.47
4.496	1.255	0.54
4.497	1.225	0.55
4.498	1.2	0.55
4.499	1.18	0.56
4.5	1.185	0.56
4.501	1.155	0.54
4.502	1.19	0.56
4.503	1.185	0.56
4.504	1.18	0.56
4.505	1.185	0.56
4.506	1.195	0.56
4.507	1.2	0.55
4.508	1.495	0.61
4.509	1.29	0.51
4.51	1.205	0.47
4.511	1.115	0.51
4.512	1.385	0.64
4.513	1.1	0.57
4.514	1.08	0.58
4.515	0.95	0.49
4.516	1.05	0.59
4.517	1.04	0.59
4.518	1.04	0.59
4.519	1.045	0.59
4.52	1.05	0.56
4.521	1.05	0.59
4.522	0.99	0.52
4.523	1.025	0.51
4.524	1.045	0.59
4.525	1.045	0.59
4.526	1.045	0.59
4.527	1.04	0.59
4.528	0.945	0.65
4.529	0.955	0.61
4.53	0.935	0.65
4.531	0.95	0.65
4.532	0.94	0.59
4.533	0.965	0.65
4.534	1.265	0.71
4.535	1.01	0.66
4.536	1.035	0.66
4.537	1.035	0.67
4.538	1.065	0.59
4.539	1.055	0.55
4.54	1.145	0.53
4.541	1.165	0.52
4.542	1.175	0.51
4.543	1.2	0.50
4.544	1.24	0.47
4.545	1.235	0.48
4.546	1.285	0.47
4.547	1.335	0.44
4.548	1.335	0.44
4.549	1.365	0.43
4.55	1.39	0.43
4.551	1.405	0.42
4.552	1.415	0.43
4.553	1.425	0.44
4.554	1.425	0.44
4.555	1.425	0.44
4.556	1.42	0.44
4.557	1.51	0.46
4.558	1.395	0.45
4.559	1.36	0.44
4.56	1.345	0.42
4.561	1.41	0.47
4.562	1.38	0.50
4.563	1.315	0.47
4.564	1.385	0.54
4.565	1.335	0.49
4.566	1.46	0.59
4.567	1.46	0.59
4.568	1.47	0.58
4.569	1.455	0.57
4.57	1.46	0.57
4.571	1.46	0.56
4.572	1.455	0.56
4.573	1.45	0.56
4.574	1.53	0.57
4.575	1.43	0.55
4.576	1.37	0.53
4.577	1.4	0.47
4.578	1.39	0.50
4.579	1.61	0.53
4.58	1.375	0.48
4.581	1.42	0.50
4.582	1.43	0.50
4.583	1.445	0.50
4.584	1.44	0.51
4.585	1.42	0.52
4.586	1.43	0.49
4.587	1.365	0.57
4.588	1.32	0.57
4.589	1.275	0.57
4.59	1.36	0.45
4.591	1.415	0.50
4.592	1.385	0.49
4.593	1.26	0.42
4.594	1.345	0.47
4.595	1.315	0.49
4.596	1.23	0.55
4.597	1.21	0.56
4.598	1.185	0.56
4.599	1.205	0.56
4.6	1.18	0.49
4.601	1.255	0.55
4.602	1.48	0.59
4.603	1.42	0.60
4.604	1.425	0.55
4.605	1.445	0.58
4.606	1.455	0.57
4.607	1.37	0.50
4.608	1.355	0.57
4.609	1.34	0.58
4.61	1.325	0.59
4.611	1.315	0.61
4.612	1.3	0.60
4.613	1.295	0.59
4.614	1.335	0.61
4.615	1.21	0.54
4.616	1.205	0.54
4.617	1.19	0.54
4.618	1.175	0.54
4.619	1.145	0.55
4.62	1.115	0.55
4.621	1.165	0.53
4.622	1.13	0.55
4.623	1.205	0.58
4.624	1.47	0.62
4.625	1.36	0.64
4.626	1.305	0.56
4.627	1.335	0.56
4.628	1.365	0.55
4.629	1.26	0.44
4.63	1.435	0.55
4.631	1.435	0.55
4.632	1.455	0.55
4.633	1.46	0.55
4.634	1.445	0.55
4.635	1.43	0.55
4.636	1.41	0.55
4.637	1.395	0.55
4.638	1.38	0.56
4.639	1.365	0.56
4.64	1.33	0.48
4.641	1.35	0.57
4.642	1.4	0.59
4.643	1.385	0.60
4.644	1.375	0.60
4.645	1.425	0.54
4.646	1.395	0.60
4.647	1.62	0.63
4.648	1.38	0.59
4.649	1.44	0.55
4.65	1.44	0.55
4.651	1.435	0.50
4.652	1.445	0.54
4.653	1.43	0.53
4.654	1.46	0.50
4.655	1.42	0.50
4.656	1.4	0.52
4.657	1.385	0.52
4.658	1.315	0.47
4.659	1.31	0.51
4.66	1.29	0.54
4.661	1.125	0.46
4.662	1.23	0.55
4.663	1.195	0.59
4.664	1.18	0.59
4.665	1.165	0.59
4.666	1.165	0.59
4.667	1.18	0.58
4.668	1.21	0.57
4.669	1.235	0.57
4.67	1.325	0.48
4.671	1.29	0.51
4.672	1.29	0.50
4.673	1.31	0.50
4.674	1.465	0.50
4.675	1.305	0.49
4.676	1.295	0.49
4.677	1.37	0.55
4.678	1.27	0.50
4.679	1.275	0.49
4.68	1.275	0.49
4.681	1.28	0.49
4.682	1.28	0.49
4.683	1.26	0.47
4.684	1.3	0.46
4.685	1.345	0.45
4.686	1.39	0.45
4.687	1.44	0.44
4.688	1.505	0.44
4.689	1.49	0.44
4.69	1.59	0.46
4.691	1.42	0.43
4.692	1.365	0.44
4.693	1.33	0.44
4.694	1.285	0.44
4.695	1.23	0.43
4.696	1.19	0.46
4.697	1.145	0.48
4.698	1.005	0.42
4.699	1.14	0.46
4.7	1.145	0.43
4.701	1.175	0.45
4.702	1.24	0.42
4.703	1.22	0.45
4.704	1.23	0.42
4.705	1.25	0.44
4.706	1.245	0.47
4.707	1.26	0.47
4.708	1.27	0.47
4.709	1.28	0.47
4.71	1.29	0.47
4.711	1.28	0.47
4.712	1.375	0.46
4.713	1.275	0.45
4.714	1.27	0.45
4.715	1.275	0.45
4.716	1.135	0.49
4.717	1.135	0.48
4.718	1.135	0.48
4.719	1.15	0.48
4.72	1.225	0.44
4.721	1.245	0.44
4.722	1.255	0.44
4.723	1.3	0.43
4.724	1.34	0.43
4.725	1.35	0.43
4.726	1.355	0.43
4.727	1.385	0.43
4.728	1.375	0.38
4.729	1.41	0.44
4.73	1.445	0.39
4.731	1.43	0.45
4.732	1.435	0.46
4.733	1.4	0.46
4.734	1.37	0.46
4.735	1.43	0.46
4.736	1.31	0.45
4.737	1.28	0.45
4.738	1.265	0.45
4.739	1.49	0.45
4.74	1.315	0.42
4.741	1.275	0.46
4.742	1.375	0.42
4.743	1.305	0.43
4.744	1.325	0.43
4.745	1.355	0.43
4.746	1.39	0.43
4.747	1.42	0.41
4.748	1.445	0.41
4.749	1.39	0.41
4.75	1.34	0.44
4.751	1.24	0.39
4.752	1.235	0.45
4.753	1.22	0.41
4.754	1.205	0.42
4.755	1.15	0.42
4.756	1.105	0.43
4.757	1.34	0.46
4.758	1.005	0.46
4.759	1.02	0.48
4.76	1.045	0.48
4.761	1.09	0.47
4.762	1.145	0.45
4.763	1.185	0.44
4.764	1.23	0.43
4.765	1.26	0.43
4.766	1.285	0.43
4.767	1.285	0.40
4.768	1.345	0.46
4.769	1.335	0.47
4.77	1.315	0.44
4.771	1.29	0.44
4.772	1.265	0.44
4.773	1.25	0.42
4.774	1.225	0.50
4.775	1.21	0.50
4.776	1.19	0.50
4.777	1.09	0.48
4.778	1.09	0.45
4.779	1.045	0.48
4.78	1.16	0.52
4.781	1.05	0.45
4.782	1.025	0.49
4.783	1.045	0.48
4.784	1.065	0.48
4.785	1.085	0.47
4.786	1.105	0.47
4.787	1.13	0.47
4.788	1.135	0.47
4.789	1.13	0.47
4.79	1.145	0.47
4.791	1.11	0.52
4.792	1.125	0.49
4.793	1.13	0.51
4.794	1.14	0.50
4.795	1.145	0.50
4.796	1.14	0.50
4.797	1.13	0.50
4.798	1.085	0.45
4.799	1.13	0.46
4.8	0.805	0.52
4.801	1.01	0.50
4.802	0.995	0.47
4.803	0.955	0.52
4.804	1.12	0.55
4.805	1.335	0.57
4.806	1.13	0.53
4.807	1.135	0.53
4.808	1.12	0.53
4.809	1.34	0.56
4.81	1.335	0.57
4.811	1.325	0.58
4.812	1.315	0.57
4.813	1.31	0.57
4.814	1.3	0.57
4.815	1.36	0.61
4.816	1.28	0.57
4.817	1.3	0.55
4.818	1.245	0.58
4.819	1.215	0.56
4.82	1.155	0.54
4.821	1.18	0.52
4.822	1.21	0.51
4.823	1.195	0.46
4.824	1.24	0.44
4.825	1.21	0.47
4.826	1.195	0.49
4.827	1.16	0.52
4.828	1.145	0.52
4.829	1.16	0.53
4.83	1.105	0.51
4.831	1.21	0.54
4.832	1.17	0.48
4.833	1.2	0.47
4.834	1.19	0.44
4.835	1.235	0.50
4.836	1.245	0.49
4.837	1.26	0.49
4.838	1.28	0.48
4.839	1.3	0.47
4.84	1.31	0.47
4.841	1.305	0.60
4.842	1.31	0.61
4.843	1.285	0.66
4.844	1.28	0.67
4.845	1.255	0.69
4.846	1.23	0.70
4.847	1.21	0.72
4.848	1.185	0.74
4.849	1.185	0.74
4.85	1.185	0.73
4.851	1.355	0.83
4.852	1.18	0.72
4.853	1.18	0.72
4.854	1.18	0.71
4.855	1.175	0.71
4.856	1.175	0.71
4.857	1.215	0.66
4.858	1.185	0.68
4.859	1.19	0.67
4.86	1.195	0.64
4.861	1.23	0.60
4.862	1.23	0.56
4.863	1.275	0.56
4.864	1.385	0.58
4.865	1.265	0.57
4.866	1.24	0.55
4.867	1.33	0.65
4.868	1.315	0.67
4.869	1.32	0.70
4.87	1.15	0.54
4.871	1.255	0.61
4.872	1.28	0.60
4.873	1.3	0.59
4.874	1.305	0.59
4.875	1.33	0.60
4.876	1.325	0.60
4.877	1.335	0.59
4.878	1.345	0.59
4.879	1.375	0.53
4.88	1.365	0.54
4.881	1.395	0.51
4.882	1.425	0.55
4.883	1.45	0.55
4.884	1.285	0.48
4.885	1.47	0.56
4.886	1.47	0.57
4.887	1.46	0.58
4.888	1.435	0.59
4.889	1.405	0.59
4.89	1.37	0.61
4.891	1.305	0.65
4.892	1.265	0.69
4.893	1.18	0.69
4.894	1.165	0.65
4.895	1.19	0.64
4.896	1.21	0.62
4.897	1.155	0.59
4.898	1.16	0.59
4.899	1.16	0.59
4.9	1.14	0.54
4.901	1.17	0.58
4.902	1.18	0.58
4.903	1.19	0.57
4.904	1.23	0.57
4.905	1.235	0.57
4.906	1.24	0.57
4.907	1.23	0.58
4.908	1.185	0.55
4.909	1.205	0.59
4.91	1.205	0.59
4.911	1.19	0.66
4.912	1.165	0.66
4.913	1.18	0.63
4.914	1.17	0.74
4.915	1.18	0.75
4.916	1.2	0.75
4.917	1.22	0.75
4.918	1.11	0.66
4.919	1.26	0.75
4.92	1.245	0.63
4.921	1.3	0.73
4.922	1.33	0.70
4.923	1.345	0.68
4.924	1.33	0.63
4.925	1.41	0.65
4.926	1.39	0.60
4.927	1.385	0.62
4.928	1.22	0.58
4.929	1.37	0.65
4.93	1.37	0.66
4.931	1.355	0.64
4.932	1.36	0.65
4.933	1.38	0.66
4.934	1.275	0.59
4.935	1.425	0.62
4.936	1.385	0.66
4.937	1.385	0.66
4.938	1.385	0.66
4.939	1.38	0.66
4.94	1.335	0.64
4.941	1.34	0.67
4.942	1.325	0.68
4.943	1.31	0.66
4.944	1.315	0.70
4.945	1.18	0.61
4.946	1.325	0.70
4.947	1.325	0.70
4.948	1.32	0.69
4.949	1.32	0.69
4.95	1.325	0.68
4.951	1.44	0.65
4.952	1.355	0.67
4.953	1.365	0.66
4.954	1.39	0.62
4.955	1.415	0.59
4.956	1.435	0.56
4.957	1.44	0.54
4.958	1.52	0.55
4.959	1.51	0.55
4.96	1.47	0.51
4.961	1.575	0.58
4.962	1.495	0.57
4.963	1.49	0.59
4.964	1.5	0.57
4.965	1.475	0.62
4.966	1.47	0.63
4.967	1.465	0.65
4.968	1.46	0.68
4.969	1.445	0.59
4.97	1.505	0.63
4.971	1.36	0.54
4.972	1.535	0.59
4.973	1.545	0.58
4.974	1.55	0.57
4.975	1.555	0.56
4.976	1.55	0.55
4.977	1.55	0.54
4.978	1.44	0.48
4.979	1.53	0.52
4.98	1.54	0.49
4.981	1.535	0.51
4.982	1.525	0.52
4.983	1.515	0.53
4.984	1.515	0.54
4.985	1.515	0.56
4.986	1.515	0.58
4.987	1.525	0.61
4.988	1.53	0.63
4.989	1.535	0.66
4.99	1.525	0.57
4.991	1.645	0.72
4.992	1.66	0.71
4.993	1.72	0.66
4.994	1.72	0.64
4.995	1.715	0.67
4.996	1.73	0.66
4.997	1.785	0.61
4.998	1.735	0.69
4.999	1.735	0.72
5	1.715	0.64

