Age	d18Osw	sigma
0	0.00	0.28
0.001	-0.06	0.32
0.002	0.02	0.30
0.003	-0.03	0.29
0.004	0.02	0.28
0.005	0.08	0.31
0.006	0.06	0.29
0.007	0.15	0.29
0.008	0.22	0.33
0.009	0.27	0.31
0.01	0.30	0.32
0.011	0.48	0.33
0.012	0.40	0.35
0.013	0.52	0.39
0.014	0.51	0.31
0.015	0.66	0.40
0.016	0.77	0.33
0.017	0.78	0.40
0.018	0.85	0.37
0.019	0.98	0.30
0.02	0.94	0.30
0.021	0.96	0.28
0.022	0.92	0.29
0.023	0.91	0.28
0.024	0.83	0.30
0.025	0.84	0.28
0.026	0.80	0.28
0.027	0.74	0.30
0.028	0.83	0.27
0.029	0.70	0.34
0.03	0.75	0.27
0.031	0.70	0.28
0.032	0.71	0.28
0.033	0.76	0.28
0.034	0.70	0.27
0.035	0.69	0.27
0.036	0.63	0.27
0.037	0.60	0.28
0.038	0.46	0.35
0.039	0.53	0.27
0.04	0.53	0.27
0.041	0.48	0.31
0.042	0.52	0.27
0.043	0.55	0.29
0.044	0.57	0.27
0.045	0.59	0.28
0.046	0.46	0.32
0.047	0.46	0.31
0.048	0.53	0.28
0.049	0.63	0.27
0.05	0.51	0.27
0.051	0.62	0.26
0.052	0.54	0.27
0.053	0.50	0.27
0.054	0.54	0.30
0.055	0.34	0.27
0.056	0.48	0.28
0.057	0.45	0.29
0.058	0.36	0.30
0.059	0.38	0.30
0.06	0.43	0.28
0.061	0.47	0.27
0.062	0.34	0.32
0.063	0.34	0.29
0.064	0.39	0.33
0.065	0.56	0.29
0.066	0.45	0.31
0.067	0.60	0.30
0.068	0.54	0.30
0.069	0.53	0.38
0.07	0.55	0.36
0.071	0.67	0.30
0.072	0.65	0.28
0.073	0.72	0.28
0.074	0.59	0.28
0.075	0.53	0.30
0.076	0.57	0.28
0.077	0.56	0.28
0.078	0.57	0.30
0.079	0.57	0.30
0.08	0.54	0.29
0.081	0.42	0.28
0.082	0.48	0.32
0.083	0.52	0.35
0.084	0.48	0.38
0.085	0.53	0.44
0.086	0.59	0.40
0.087	0.53	0.37
0.088	0.57	0.35
0.089	0.67	0.32
0.09	0.64	0.29
0.091	0.57	0.28
0.092	0.54	0.29
0.093	0.59	0.29
0.094	0.35	0.30
0.095	0.54	0.27
0.096	0.47	0.28
0.097	0.48	0.27
0.098	0.37	0.28
0.099	0.37	0.35
0.1	0.44	0.28
0.101	0.54	0.29
0.102	0.62	0.29
0.103	0.47	0.27
0.104	0.57	0.28
0.105	0.48	0.32
0.106	0.43	0.34
0.107	0.46	0.33
0.108	0.33	0.42
0.109	0.51	0.33
0.11	0.53	0.38
0.111	0.57	0.31
0.112	0.50	0.31
0.113	0.56	0.27
0.114	0.48	0.28
0.115	0.22	0.35
0.116	0.18	0.29
0.117	0.26	0.30
0.118	0.33	0.36
0.119	0.01	0.28
0.12	0.01	0.28
0.121	0.05	0.30
0.122	0.03	0.27
0.123	-0.04	0.29
0.124	0.19	0.40
0.125	-0.03	0.30
0.126	0.03	0.29
0.127	0.21	0.31
0.128	0.39	0.47
0.129	0.42	0.49
0.13	0.53	0.48
0.131	0.42	0.52
0.132	0.77	0.42
0.133	0.64	0.42
0.134	0.84	0.38
0.135	1.05	0.31
0.136	0.96	0.43
0.137	1.10	0.29
0.138	1.11	0.27
0.139	1.07	0.29
0.14	1.02	0.37
0.141	1.06	0.29
0.142	0.96	0.33
0.143	1.05	0.30
0.144	0.96	0.29
0.145	0.88	0.30
0.146	0.95	0.30
0.147	0.88	0.30
0.148	0.83	0.31
0.149	0.78	0.32
0.15	0.80	0.27
0.151	0.87	0.27
0.152	0.82	0.28
0.153	0.69	0.36
0.154	0.72	0.29
0.155	0.46	0.40
0.156	0.74	0.28
0.157	0.74	0.28
0.158	0.64	0.31
0.159	0.68	0.34
0.16	0.86	0.30
0.161	0.91	0.27
0.162	0.83	0.28
0.163	0.78	0.27
0.164	0.76	0.27
0.165	0.69	0.27
0.166	0.63	0.28
0.167	0.63	0.28
0.168	0.60	0.30
0.169	0.60	0.36
0.17	0.64	0.27
0.171	0.68	0.27
0.172	0.61	0.27
0.173	0.60	0.28
0.174	0.65	0.31
0.175	0.43	0.35
0.176	0.59	0.31
0.177	0.64	0.36
0.178	0.56	0.29
0.179	0.62	0.29
0.18	0.65	0.27
0.181	0.66	0.28
0.182	0.57	0.29
0.183	0.49	0.32
0.184	0.72	0.36
0.185	0.78	0.29
0.186	0.75	0.29
0.187	0.75	0.28
0.188	0.77	0.27
0.189	0.69	0.28
0.19	0.59	0.32
0.191	0.52	0.33
0.192	0.39	0.38
0.193	0.53	0.29
0.194	0.38	0.28
0.195	0.30	0.36
0.196	0.33	0.31
0.197	0.25	0.28
0.198	0.41	0.28
0.199	0.19	0.28
0.2	0.13	0.35
0.201	0.06	0.28
0.202	0.10	0.28
0.203	0.20	0.31
0.204	0.29	0.37
0.205	0.30	0.31
0.206	0.28	0.39
0.207	0.34	0.29
0.208	0.38	0.28
0.209	0.30	0.29
0.21	0.20	0.31
0.211	0.21	0.31
0.212	0.38	0.40
0.213	0.25	0.29
0.214	0.16	0.27
0.215	0.14	0.27
0.216	0.28	0.33
0.217	0.13	0.39
0.218	0.22	0.32
0.219	0.29	0.41
0.22	0.27	0.36
0.221	0.52	0.28
0.222	0.83	0.32
0.223	0.77	0.32
0.224	0.72	0.29
0.225	0.67	0.27
0.226	0.51	0.29
0.227	0.49	0.35
0.228	0.68	0.29
0.229	0.30	0.45
0.23	0.62	0.29
0.231	0.56	0.34
0.232	0.50	0.29
0.233	0.25	0.34
0.234	0.32	0.28
0.235	0.10	0.29
0.236	0.09	0.28
0.237	0.01	0.27
0.238	-0.05	0.28
0.239	-0.05	0.29
0.24	0.20	0.37
0.241	0.18	0.37
0.242	0.05	0.39
0.243	0.18	0.44
0.244	0.45	0.42
0.245	0.74	0.29
0.246	0.74	0.32
0.247	0.61	0.32
0.248	0.62	0.32
0.249	0.62	0.30
0.25	0.66	0.30
0.251	0.74	0.28
0.252	0.81	0.27
0.253	0.62	0.31
0.254	0.72	0.28
0.255	0.49	0.33
0.256	0.67	0.28
0.257	0.69	0.29
0.258	0.67	0.28
0.259	0.64	0.28
0.26	0.62	0.28
0.261	0.60	0.27
0.262	0.54	0.28
0.263	0.58	0.32
0.264	0.50	0.32
0.265	0.61	0.29
0.266	0.58	0.29
0.267	0.56	0.28
0.268	0.30	0.41
0.269	0.50	0.29
0.27	0.62	0.27
0.271	0.62	0.28
0.272	0.47	0.35
0.273	0.22	0.41
0.274	0.50	0.29
0.275	0.51	0.28
0.276	0.33	0.35
0.277	0.52	0.28
0.278	0.52	0.32
0.279	0.44	0.28
0.28	0.31	0.30
0.281	0.29	0.28
0.282	0.26	0.28
0.283	0.24	0.28
0.284	0.23	0.29
0.285	0.19	0.28
0.286	0.19	0.28
0.287	0.21	0.31
0.288	0.20	0.32
0.289	0.38	0.30
0.29	0.45	0.30
0.291	0.44	0.29
0.292	0.48	0.38
0.293	0.53	0.29
0.294	0.49	0.31
0.295	0.55	0.28
0.296	0.47	0.38
0.297	0.50	0.29
0.298	0.39	0.30
0.299	0.46	0.29
0.3	0.40	0.28
0.301	0.38	0.29
0.302	0.28	0.28
0.303	0.24	0.28
0.304	0.24	0.35
0.305	0.30	0.29
0.306	0.40	0.34
0.307	0.32	0.35
0.308	0.35	0.30
0.309	0.35	0.29
0.31	0.28	0.29
0.311	0.26	0.28
0.312	0.16	0.27
0.313	0.15	0.28
0.314	0.20	0.35
0.315	0.07	0.30
0.316	0.21	0.32
0.317	0.21	0.42
0.318	0.13	0.31
0.319	0.07	0.27
0.32	0.28	0.36
0.321	0.12	0.29
0.322	0.10	0.29
0.323	0.02	0.29
0.324	-0.10	0.34
0.325	-0.05	0.28
0.326	-0.07	0.29
0.327	-0.09	0.30
0.328	-0.09	0.31
0.329	-0.10	0.28
0.33	0.08	0.33
0.331	0.00	0.31
0.332	0.55	0.59
0.333	-0.09	0.39
0.334	0.02	0.37
0.335	0.31	0.38
0.336	0.43	0.43
0.337	0.37	0.40
0.338	0.47	0.41
0.339	0.48	0.43
0.34	0.76	0.33
0.341	1.04	0.35
0.342	0.73	0.39
0.343	0.88	0.34
0.344	0.90	0.33
0.345	0.74	0.36
0.346	0.79	0.32
0.347	0.71	0.31
0.348	0.58	0.39
0.349	0.83	0.27
0.35	0.72	0.28
0.351	0.67	0.27
0.352	0.58	0.28
0.353	0.66	0.28
0.354	0.60	0.37
0.355	0.55	0.28
0.356	0.55	0.30
0.357	0.47	0.29
0.358	0.52	0.31
0.359	0.37	0.39
0.36	0.55	0.29
0.361	0.52	0.28
0.362	0.48	0.28
0.363	0.40	0.31
0.364	0.49	0.29
0.365	0.42	0.28
0.366	0.41	0.29
0.367	0.51	0.28
0.368	0.30	0.37
0.369	0.42	0.27
0.37	0.34	0.31
0.371	0.37	0.27
0.372	0.37	0.27
0.373	0.23	0.28
0.374	0.24	0.27
0.375	0.21	0.27
0.376	0.29	0.32
0.377	0.32	0.33
0.378	0.22	0.33
0.379	0.35	0.27
0.38	0.39	0.28
0.381	0.47	0.27
0.382	0.33	0.28
0.383	0.40	0.27
0.384	0.38	0.28
0.385	0.25	0.28
0.386	0.20	0.37
0.387	0.26	0.30
0.388	0.42	0.27
0.389	0.29	0.27
0.39	0.21	0.28
0.391	0.26	0.28
0.392	0.23	0.32
0.393	0.23	0.31
0.394	0.23	0.30
0.395	0.16	0.33
0.396	0.26	0.38
0.397	-0.02	0.29
0.398	0.10	0.31
0.399	-0.07	0.30
0.4	-0.03	0.28
0.401	-0.06	0.29
0.402	-0.10	0.30
0.403	-0.02	0.30
0.404	0.03	0.30
0.405	-0.06	0.29
0.406	-0.07	0.28
0.407	-0.06	0.30
0.408	0.16	0.32
0.409	-0.02	0.28
0.41	-0.05	0.28
0.411	0.07	0.28
0.412	0.01	0.28
0.413	0.07	0.27
0.414	0.17	0.28
0.415	0.20	0.31
0.416	0.30	0.29
0.417	0.22	0.27
0.418	0.21	0.33
0.419	0.27	0.28
0.42	0.19	0.31
0.421	0.33	0.46
0.422	0.22	0.34
0.423	0.09	0.34
0.424	-0.01	0.43
0.425	0.37	0.40
0.426	0.69	0.35
0.427	0.00	0.36
0.428	0.56	0.38
0.429	0.91	0.36
0.43	0.96	0.30
0.431	1.08	0.31
0.432	1.09	0.32
0.433	0.94	0.32
0.434	1.09	0.33
0.435	1.03	0.30
0.436	0.96	0.30
0.437	0.83	0.28
0.438	0.85	0.29
0.439	0.94	0.30
0.44	0.78	0.38
0.441	0.85	0.28
0.442	0.86	0.29
0.443	0.82	0.28
0.444	0.66	0.30
0.445	0.61	0.30
0.446	0.67	0.28
0.447	0.45	0.41
0.448	0.62	0.29
0.449	0.61	0.29
0.45	0.62	0.31
0.451	0.49	0.31
0.452	0.53	0.32
0.453	0.43	0.30
0.454	0.53	0.36
0.455	0.37	0.29
0.456	0.30	0.30
0.457	0.48	0.35
0.458	0.44	0.29
0.459	0.35	0.33
0.46	0.39	0.30
0.461	0.36	0.30
0.462	0.25	0.30
0.463	0.35	0.30
0.464	0.16	0.43
0.465	0.32	0.28
0.466	0.30	0.27
0.467	0.33	0.28
0.468	0.29	0.33
0.469	0.31	0.32
0.47	0.21	0.33
0.471	0.14	0.35
0.472	0.24	0.34
0.473	0.20	0.40
0.474	0.31	0.34
0.475	0.40	0.27
0.476	0.43	0.28
0.477	0.34	0.28
0.478	0.45	0.28
0.479	0.38	0.35
0.48	0.32	0.36
0.481	0.33	0.29
0.482	0.28	0.28
0.483	0.27	0.28
0.484	0.14	0.28
0.485	0.27	0.33
0.486	0.21	0.29
0.487	0.13	0.29
0.488	0.05	0.30
0.489	0.03	0.28
0.49	0.07	0.31
0.491	0.05	0.33
0.492	0.02	0.30
0.493	-0.02	0.30
0.494	0.20	0.53
0.495	0.08	0.28
0.496	-0.02	0.31
0.497	0.08	0.28
0.498	0.38	0.42
0.499	0.18	0.28
0.5	0.18	0.27
0.501	0.24	0.28
0.502	0.20	0.27
0.503	0.16	0.27
0.504	0.18	0.28
0.505	0.18	0.28
0.506	0.18	0.33
0.507	0.24	0.29
0.508	0.15	0.32
0.509	0.23	0.28
0.51	0.29	0.29
0.511	0.41	0.29
0.512	0.51	0.39
0.513	0.46	0.28
0.514	0.41	0.30
0.515	0.46	0.28
0.516	0.41	0.31
0.517	0.36	0.30
0.518	0.35	0.28
0.519	0.25	0.29
0.52	0.26	0.28
0.521	0.20	0.29
0.522	0.20	0.34
0.523	0.18	0.28
0.524	-0.05	0.38
0.525	0.05	0.36
0.526	0.11	0.30
0.527	0.24	0.29
0.528	0.14	0.29
0.529	0.18	0.29
0.53	0.15	0.28
0.531	0.11	0.45
0.532	0.26	0.29
0.533	0.19	0.31
0.534	0.27	0.30
0.535	0.42	0.33
0.536	0.59	0.30
0.537	0.28	0.44
0.538	0.64	0.30
0.539	0.50	0.34
0.54	0.45	0.38
0.541	0.62	0.35
0.542	0.33	0.39
0.543	0.63	0.31
0.544	0.44	0.39
0.545	0.56	0.33
0.546	0.62	0.36
0.547	0.59	0.29
0.548	0.59	0.29
0.549	0.57	0.30
0.55	0.62	0.29
0.551	0.48	0.32
0.552	0.65	0.28
0.553	0.52	0.31
0.554	0.53	0.28
0.555	0.47	0.27
0.556	0.47	0.27
0.557	0.48	0.30
0.558	0.52	0.33
0.559	0.43	0.27
0.56	0.44	0.32
0.561	0.39	0.27
0.562	0.32	0.29
0.563	0.47	0.35
0.564	0.35	0.29
0.565	0.24	0.28
0.566	0.17	0.29
0.567	0.33	0.28
0.568	0.36	0.28
0.569	0.57	0.32
0.57	0.28	0.29
0.571	0.24	0.30
0.572	0.03	0.30
0.573	0.11	0.31
0.574	0.07	0.30
0.575	-0.06	0.27
0.576	0.03	0.28
0.577	-0.08	0.27
0.578	-0.04	0.28
0.579	-0.12	0.29
0.58	0.20	0.51
0.581	0.20	0.32
0.582	0.37	0.41
0.583	0.67	0.38
0.584	0.58	0.40
0.585	0.85	0.29
0.586	0.63	0.33
0.587	0.43	0.36
0.588	0.51	0.29
0.589	0.55	0.32
0.59	0.67	0.34
0.591	0.35	0.33
0.592	0.51	0.33
0.593	0.46	0.31
0.594	0.41	0.31
0.595	0.39	0.29
0.596	0.42	0.30
0.597	0.40	0.33
0.598	0.32	0.37
0.599	0.60	0.32
0.6	0.54	0.30
0.601	0.52	0.30
0.602	0.45	0.30
0.603	0.41	0.37
0.604	0.37	0.46
0.605	0.39	0.36
0.606	0.42	0.29
0.607	0.39	0.30
0.608	0.33	0.31
0.609	0.20	0.30
0.61	0.08	0.29
0.611	0.01	0.29
0.612	-0.06	0.30
0.613	0.02	0.30
0.614	0.09	0.31
0.615	0.06	0.31
0.616	0.01	0.31
0.617	0.17	0.35
0.618	0.37	0.41
0.619	0.39	0.35
0.62	0.42	0.30
0.621	0.44	0.32
0.622	0.45	0.34
0.623	0.55	0.43
0.624	0.63	0.54
0.625	0.82	0.45
0.626	1.02	0.37
0.627	1.07	0.38
0.628	1.10	0.38
0.629	1.14	0.34
0.63	1.19	0.31
0.631	1.07	0.34
0.632	0.97	0.38
0.633	0.95	0.38
0.634	0.92	0.38
0.635	0.99	0.32
0.636	1.06	0.28
0.637	0.98	0.30
0.638	0.96	0.32
0.639	0.97	0.31
0.64	1.00	0.31
0.641	0.94	0.33
0.642	0.89	0.36
0.643	0.91	0.32
0.644	0.92	0.29
0.645	0.92	0.29
0.646	0.81	0.31
0.647	0.85	0.32
0.648	0.90	0.34
0.649	0.87	0.35
0.65	0.84	0.37
0.651	0.86	0.37
0.652	0.81	0.37
0.653	0.81	0.34
0.654	0.80	0.32
0.655	0.73	0.31
0.656	0.67	0.31
0.657	0.73	0.29
0.658	0.76	0.28
0.659	0.71	0.31
0.66	0.65	0.34
0.661	0.67	0.32
0.662	0.70	0.30
0.663	0.61	0.34
0.664	0.55	0.38
0.665	0.59	0.34
0.666	0.64	0.31
0.667	0.64	0.35
0.668	0.66	0.39
0.669	0.60	0.35
0.67	0.56	0.32
0.671	0.59	0.32
0.672	0.61	0.32
0.673	0.52	0.32
0.674	0.47	0.32
0.675	0.54	0.30
0.676	0.57	0.29
0.677	0.56	0.30
0.678	0.54	0.30
0.679	0.48	0.31
0.68	0.41	0.31
0.681	0.38	0.31
0.682	0.37	0.31
0.683	0.34	0.32
0.684	0.25	0.33
0.685	0.30	0.34
0.686	0.38	0.35
0.687	0.36	0.31
0.688	0.35	0.29
0.689	0.42	0.29
0.69	0.37	0.30
0.691	0.23	0.29
0.692	0.14	0.29
0.693	0.26	0.33
0.694	0.20	0.39
0.695	0.11	0.32
0.696	0.02	0.28
0.697	0.02	0.29
0.698	0.05	0.30
0.699	0.06	0.31
0.7	0.08	0.32
0.701	0.17	0.36
0.702	0.28	0.41
0.703	0.21	0.36
0.704	0.20	0.31
0.705	0.29	0.29
0.706	0.35	0.28
0.707	0.41	0.28
0.708	0.43	0.27
0.709	0.43	0.29
0.71	0.42	0.31
0.711	0.44	0.33
0.712	0.42	0.36
0.713	0.40	0.39
0.714	0.37	0.43
0.715	0.35	0.38
0.716	0.46	0.35
0.717	0.57	0.37
0.718	0.69	0.39
0.719	0.65	0.36
0.72	0.63	0.33
0.721	0.67	0.34
0.722	0.72	0.36
0.723	0.71	0.36
0.724	0.69	0.36
0.725	0.60	0.30
0.726	0.49	0.27
0.727	0.40	0.28
0.728	0.33	0.29
0.729	0.26	0.31
0.73	0.19	0.33
0.731	0.21	0.35
0.732	0.21	0.37
0.733	0.24	0.33
0.734	0.29	0.30
0.735	0.31	0.32
0.736	0.36	0.34
0.737	0.41	0.31
0.738	0.45	0.29
0.739	0.43	0.35
0.74	0.39	0.42
0.741	0.38	0.36
0.742	0.37	0.31
0.743	0.56	0.38
0.744	0.73	0.47
0.745	0.72	0.41
0.746	0.68	0.35
0.747	0.65	0.33
0.748	0.65	0.31
0.749	0.67	0.30
0.75	0.68	0.29
0.751	0.66	0.30
0.752	0.63	0.31
0.753	0.58	0.36
0.754	0.55	0.41
0.755	0.54	0.34
0.756	0.58	0.29
0.757	0.50	0.29
0.758	0.48	0.29
0.759	0.39	0.29
0.76	0.40	0.28
0.761	0.30	0.29
0.762	0.21	0.31
0.763	0.33	0.31
0.764	0.49	0.32
0.765	0.35	0.30
0.766	0.26	0.28
0.767	0.26	0.29
0.768	0.26	0.32
0.769	0.21	0.30
0.77	0.15	0.28
0.771	0.06	0.28
0.772	-0.02	0.28
0.773	0.01	0.31
0.774	0.04	0.36
0.775	0.04	0.30
0.776	0.04	0.27
0.777	0.11	0.32
0.778	0.21	0.41
0.779	0.05	0.35
0.78	-0.02	0.29
0.781	0.02	0.29
0.782	0.04	0.29
0.783	0.02	0.29
0.784	-0.02	0.29
0.785	-0.06	0.29
0.786	-0.09	0.29
0.787	-0.07	0.31
0.788	-0.04	0.33
0.789	0.06	0.37
0.79	0.17	0.41
0.791	0.17	0.36
0.792	0.21	0.31
0.793	0.28	0.38
0.794	0.33	0.47
0.795	0.38	0.38
0.796	0.45	0.32
0.797	0.49	0.31
0.798	0.59	0.31
0.799	0.48	0.30
0.8	0.43	0.29
0.801	0.32	0.29
0.802	0.31	0.29
0.803	0.28	0.28
0.804	0.26	0.28
0.805	0.19	0.30
0.806	0.15	0.32
0.807	0.17	0.30
0.808	0.19	0.28
0.809	0.12	0.30
0.81	0.12	0.32
0.811	0.24	0.33
0.812	0.29	0.35
0.813	0.07	0.41
0.814	-0.13	0.49
0.815	-0.04	0.41
0.816	0.06	0.35
0.817	0.01	0.32
0.818	-0.02	0.30
0.819	0.01	0.32
0.82	0.04	0.35
0.821	0.10	0.38
0.822	0.18	0.41
0.823	0.14	0.40
0.824	0.08	0.39
0.825	0.20	0.38
0.826	0.33	0.37
0.827	0.25	0.33
0.828	0.15	0.29
0.829	0.17	0.30
0.83	0.20	0.32
0.831	0.15	0.30
0.832	0.07	0.29
0.833	0.11	0.32
0.834	0.13	0.35
0.835	0.14	0.33
0.836	0.17	0.31
0.837	0.19	0.32
0.838	0.21	0.33
0.839	0.20	0.30
0.84	0.19	0.28
0.841	0.20	0.32
0.842	0.22	0.39
0.843	0.24	0.31
0.844	0.28	0.27
0.845	0.22	0.27
0.846	0.15	0.27
0.847	0.10	0.28
0.848	0.05	0.29
0.849	-0.05	0.28
0.85	-0.14	0.28
0.851	-0.08	0.29
0.852	0.07	0.30
0.853	0.18	0.36
0.854	0.27	0.43
0.855	0.24	0.36
0.856	0.17	0.29
0.857	0.10	0.28
0.858	0.00	0.27
0.859	-0.03	0.28
0.86	-0.06	0.30
0.861	-0.06	0.34
0.862	-0.08	0.40
0.863	-0.22	0.36
0.864	-0.36	0.33
0.865	-0.25	0.33
0.866	-0.09	0.33
0.867	0.12	0.34
0.868	0.40	0.33
0.869	0.35	0.36
0.87	0.33	0.39
0.871	0.47	0.33
0.872	0.61	0.29
0.873	0.59	0.30
0.874	0.55	0.32
0.875	0.57	0.32
0.876	0.56	0.32
0.877	0.45	0.40
0.878	0.34	0.49
0.879	0.41	0.37
0.88	0.51	0.28
0.881	0.35	0.33
0.882	0.29	0.39
0.883	0.29	0.36
0.884	0.30	0.33
0.885	0.30	0.32
0.886	0.32	0.31
0.887	0.34	0.30
0.888	0.28	0.30
0.889	0.31	0.30
0.89	0.30	0.30
0.891	0.28	0.34
0.892	0.21	0.40
0.893	0.31	0.32
0.894	0.42	0.27
0.895	0.42	0.27
0.896	0.40	0.27
0.897	0.30	0.28
0.898	0.21	0.30
0.899	0.23	0.30
0.9	0.24	0.30
0.901	0.25	0.29
0.902	0.25	0.28
0.903	0.27	0.28
0.904	0.26	0.28
0.905	0.25	0.28
0.906	0.25	0.28
0.907	0.20	0.29
0.908	0.15	0.30
0.909	0.18	0.30
0.91	0.20	0.30
0.911	0.22	0.29
0.912	0.19	0.28
0.913	0.17	0.30
0.914	0.19	0.32
0.915	0.12	0.38
0.916	0.04	0.44
0.917	0.20	0.38
0.918	0.41	0.32
0.919	0.44	0.31
0.92	0.48	0.30
0.921	0.39	0.29
0.922	0.31	0.29
0.923	0.30	0.28
0.924	0.30	0.27
0.925	0.26	0.27
0.926	0.21	0.28
0.927	0.18	0.29
0.928	0.18	0.30
0.929	0.06	0.31
0.93	-0.04	0.31
0.931	0.01	0.30
0.932	0.09	0.30
0.933	0.17	0.29
0.934	0.23	0.29
0.935	0.18	0.28
0.936	0.13	0.27
0.937	0.02	0.30
0.938	-0.07	0.32
0.939	0.02	0.28
0.94	0.07	0.26
0.941	0.01	0.28
0.942	-0.03	0.30
0.943	-0.03	0.29
0.944	-0.06	0.28
0.945	0.02	0.33
0.946	0.08	0.40
0.947	0.00	0.33
0.948	-0.11	0.28
0.949	-0.12	0.28
0.95	-0.12	0.27
0.951	-0.16	0.28
0.952	-0.20	0.28
0.953	-0.12	0.32
0.954	-0.06	0.37
0.955	-0.11	0.34
0.956	-0.17	0.31
0.957	-0.06	0.37
0.958	0.05	0.43
0.959	0.36	0.44
0.96	0.65	0.45
0.961	0.67	0.40
0.962	0.72	0.35
0.963	0.78	0.34
0.964	0.83	0.34
0.965	0.69	0.34
0.966	0.57	0.35
0.967	0.60	0.31
0.968	0.60	0.28
0.969	0.50	0.27
0.97	0.44	0.26
0.971	0.33	0.27
0.972	0.24	0.29
0.973	0.27	0.31
0.974	0.32	0.33
0.975	0.25	0.30
0.976	0.17	0.28
0.977	0.13	0.29
0.978	0.08	0.29
0.979	0.06	0.31
0.98	0.02	0.34
0.981	0.10	0.31
0.982	0.16	0.28
0.983	0.23	0.33
0.984	0.36	0.38
0.985	0.42	0.36
0.986	0.49	0.34
0.987	0.44	0.32
0.988	0.42	0.29
0.989	0.42	0.28
0.99	0.39	0.28
0.991	0.32	0.28
0.992	0.28	0.29
0.993	0.28	0.31
0.994	0.31	0.34
0.995	0.29	0.31
0.996	0.28	0.28
0.997	0.27	0.29
0.998	0.27	0.29
0.999	0.29	0.30
1	0.29	0.30
1.001	0.36	0.29
1.002	0.44	0.27
1.003	0.57	0.29
1.004	0.73	0.30
1.005	0.68	0.29
1.006	0.64	0.28
1.007	0.60	0.29
1.008	0.54	0.30
1.009	0.49	0.31
1.01	0.44	0.33
1.011	0.44	0.30
1.012	0.43	0.28
1.013	0.37	0.29
1.014	0.29	0.31
1.015	0.21	0.36
1.016	0.11	0.41
1.017	0.17	0.34
1.018	0.22	0.29
1.019	0.27	0.29
1.02	0.31	0.30
1.021	0.29	0.30
1.022	0.27	0.30
1.023	0.31	0.34
1.024	0.36	0.40
1.025	0.38	0.43
1.026	0.41	0.48
1.027	0.39	0.37
1.028	0.35	0.28
1.029	0.35	0.29
1.03	0.33	0.29
1.031	0.41	0.29
1.032	0.50	0.29
1.033	0.56	0.29
1.034	0.63	0.30
1.035	0.69	0.28
1.036	0.74	0.27
1.037	0.79	0.28
1.038	0.81	0.29
1.039	0.67	0.34
1.04	0.57	0.40
1.041	0.64	0.35
1.042	0.76	0.30
1.043	0.77	0.32
1.044	0.77	0.33
1.045	0.75	0.33
1.046	0.70	0.32
1.047	0.66	0.31
1.048	0.61	0.29
1.049	0.62	0.29
1.05	0.63	0.30
1.051	0.63	0.31
1.052	0.61	0.32
1.053	0.58	0.30
1.054	0.54	0.28
1.055	0.59	0.29
1.056	0.57	0.30
1.057	0.54	0.32
1.058	0.50	0.35
1.059	0.42	0.33
1.06	0.34	0.31
1.061	0.33	0.33
1.062	0.34	0.35
1.063	0.29	0.41
1.064	0.25	0.47
1.065	0.22	0.37
1.066	0.21	0.29
1.067	0.14	0.29
1.068	0.06	0.30
1.069	0.08	0.28
1.07	0.09	0.26
1.071	0.04	0.28
1.072	0.00	0.31
1.073	0.07	0.32
1.074	0.13	0.34
1.075	0.12	0.32
1.076	0.09	0.30
1.077	0.22	0.36
1.078	0.38	0.43
1.079	0.29	0.38
1.08	0.19	0.33
1.081	0.38	0.30
1.082	0.56	0.28
1.083	0.51	0.30
1.084	0.46	0.32
1.085	0.48	0.29
1.086	0.45	0.27
1.087	0.48	0.28
1.088	0.48	0.29
1.089	0.48	0.29
1.09	0.47	0.28
1.091	0.52	0.29
1.092	0.57	0.31
1.093	0.50	0.32
1.094	0.44	0.34
1.095	0.48	0.30
1.096	0.54	0.28
1.097	0.60	0.30
1.098	0.69	0.34
1.099	0.63	0.32
1.1	0.63	0.30
1.101	0.62	0.31
1.102	0.59	0.31
1.103	0.46	0.35
1.104	0.36	0.39
1.105	0.34	0.36
1.106	0.35	0.34
1.107	0.24	0.32
1.108	0.16	0.30
1.109	0.31	0.33
1.11	0.53	0.36
1.111	0.45	0.31
1.112	0.40	0.27
1.113	0.48	0.30
1.114	0.56	0.34
1.115	0.57	0.31
1.116	0.56	0.29
1.117	0.61	0.30
1.118	0.67	0.31
1.119	0.65	0.33
1.12	0.64	0.36
1.121	0.71	0.33
1.122	0.79	0.31
1.123	0.77	0.31
1.124	0.77	0.31
1.125	0.73	0.30
1.126	0.71	0.29
1.127	0.75	0.28
1.128	0.79	0.27
1.129	0.71	0.27
1.13	0.63	0.27
1.131	0.49	0.30
1.132	0.32	0.35
1.133	0.40	0.31
1.134	0.54	0.28
1.135	0.54	0.29
1.136	0.43	0.30
1.137	0.37	0.32
1.138	0.29	0.33
1.139	0.34	0.31
1.14	0.39	0.29
1.141	0.38	0.32
1.142	0.32	0.34
1.143	0.38	0.31
1.144	0.44	0.29
1.145	0.41	0.31
1.146	0.39	0.33
1.147	0.40	0.33
1.148	0.41	0.34
1.149	0.42	0.29
1.15	0.42	0.26
1.151	0.36	0.27
1.152	0.27	0.27
1.153	0.26	0.27
1.154	0.27	0.27
1.155	0.29	0.31
1.156	0.33	0.35
1.157	0.30	0.32
1.158	0.26	0.29
1.159	0.33	0.30
1.16	0.38	0.31
1.161	0.33	0.31
1.162	0.28	0.31
1.163	0.33	0.29
1.164	0.35	0.27
1.165	0.29	0.27
1.166	0.23	0.26
1.167	0.22	0.28
1.168	0.20	0.30
1.169	0.26	0.29
1.17	0.30	0.28
1.171	0.33	0.28
1.172	0.38	0.28
1.173	0.45	0.27
1.174	0.52	0.27
1.175	0.50	0.32
1.176	0.50	0.39
1.177	0.43	0.34
1.178	0.35	0.30
1.179	0.31	0.34
1.18	0.27	0.39
1.181	0.34	0.32
1.182	0.39	0.27
1.183	0.48	0.28
1.184	0.55	0.29
1.185	0.52	0.30
1.186	0.48	0.32
1.187	0.47	0.29
1.188	0.47	0.27
1.189	0.54	0.31
1.19	0.63	0.35
1.191	0.75	0.31
1.192	0.91	0.27
1.193	0.87	0.27
1.194	0.86	0.27
1.195	0.88	0.28
1.196	0.93	0.30
1.197	0.95	0.29
1.198	0.93	0.29
1.199	0.98	0.29
1.2	1.02	0.28
1.201	0.87	0.32
1.202	0.72	0.38
1.203	0.83	0.32
1.204	0.95	0.27
1.205	0.83	0.33
1.206	0.71	0.40
1.207	0.81	0.33
1.208	0.91	0.27
1.209	0.87	0.27
1.21	0.81	0.27
1.211	0.72	0.31
1.212	0.62	0.36
1.213	0.66	0.32
1.214	0.72	0.29
1.215	0.60	0.30
1.216	0.50	0.32
1.217	0.40	0.39
1.218	0.34	0.46
1.219	0.44	0.35
1.22	0.54	0.28
1.221	0.48	0.30
1.222	0.43	0.32
1.223	0.34	0.31
1.224	0.25	0.30
1.225	0.20	0.30
1.226	0.17	0.30
1.227	0.19	0.29
1.228	0.19	0.29
1.229	0.13	0.28
1.23	0.07	0.27
1.231	0.09	0.28
1.232	0.07	0.29
1.233	0.08	0.28
1.234	0.10	0.28
1.235	0.12	0.29
1.236	0.13	0.31
1.237	0.13	0.31
1.238	0.11	0.30
1.239	0.08	0.32
1.24	0.06	0.35
1.241	0.14	0.37
1.242	0.21	0.39
1.243	0.23	0.37
1.244	0.27	0.34
1.245	0.43	0.31
1.246	0.58	0.29
1.247	0.67	0.28
1.248	0.75	0.28
1.249	0.73	0.30
1.25	0.71	0.32
1.251	0.70	0.34
1.252	0.67	0.36
1.253	0.71	0.31
1.254	0.77	0.27
1.255	0.67	0.27
1.256	0.58	0.27
1.257	0.50	0.29
1.258	0.45	0.31
1.259	0.36	0.35
1.26	0.30	0.40
1.261	0.34	0.32
1.262	0.40	0.27
1.263	0.30	0.29
1.264	0.21	0.32
1.265	0.28	0.28
1.266	0.33	0.26
1.267	0.30	0.27
1.268	0.27	0.28
1.269	0.26	0.29
1.27	0.27	0.30
1.271	0.22	0.29
1.272	0.18	0.29
1.273	0.21	0.28
1.274	0.24	0.27
1.275	0.22	0.28
1.276	0.20	0.28
1.277	0.26	0.29
1.278	0.34	0.31
1.279	0.30	0.33
1.28	0.29	0.35
1.281	0.30	0.38
1.282	0.29	0.42
1.283	0.37	0.33
1.284	0.43	0.27
1.285	0.52	0.29
1.286	0.60	0.33
1.287	0.76	0.30
1.288	0.88	0.28
1.289	0.89	0.28
1.29	0.90	0.29
1.291	0.85	0.28
1.292	0.78	0.27
1.293	0.60	0.29
1.294	0.43	0.32
1.295	0.56	0.30
1.296	0.70	0.29
1.297	0.62	0.28
1.298	0.53	0.28
1.299	0.55	0.29
1.3	0.58	0.29
1.301	0.53	0.30
1.302	0.48	0.32
1.303	0.44	0.31
1.304	0.40	0.31
1.305	0.33	0.32
1.306	0.28	0.33
1.307	0.33	0.30
1.308	0.38	0.28
1.309	0.38	0.28
1.31	0.37	0.28
1.311	0.35	0.28
1.312	0.34	0.28
1.313	0.30	0.32
1.314	0.27	0.37
1.315	0.30	0.33
1.316	0.33	0.29
1.317	0.34	0.34
1.318	0.35	0.39
1.319	0.41	0.37
1.32	0.45	0.35
1.321	0.50	0.32
1.322	0.56	0.29
1.323	0.57	0.29
1.324	0.59	0.30
1.325	0.61	0.30
1.326	0.63	0.31
1.327	0.62	0.33
1.328	0.59	0.36
1.329	0.67	0.30
1.33	0.76	0.26
1.331	0.75	0.27
1.332	0.74	0.28
1.333	0.73	0.31
1.334	0.71	0.36
1.335	0.73	0.30
1.336	0.76	0.27
1.337	0.69	0.28
1.338	0.64	0.31
1.339	0.66	0.34
1.34	0.68	0.37
1.341	0.61	0.32
1.342	0.52	0.28
1.343	0.40	0.31
1.344	0.29	0.35
1.345	0.37	0.35
1.346	0.42	0.36
1.347	0.32	0.38
1.348	0.22	0.41
1.349	0.24	0.36
1.35	0.25	0.32
1.351	0.16	0.32
1.352	0.10	0.32
1.353	0.10	0.32
1.354	0.11	0.32
1.355	0.16	0.29
1.356	0.17	0.27
1.357	0.20	0.28
1.358	0.24	0.30
1.359	0.33	0.29
1.36	0.42	0.28
1.361	0.49	0.30
1.362	0.56	0.34
1.363	0.64	0.29
1.364	0.71	0.26
1.365	0.71	0.27
1.366	0.72	0.27
1.367	0.77	0.27
1.368	0.83	0.26
1.369	0.78	0.29
1.37	0.70	0.34
1.371	0.73	0.29
1.372	0.75	0.26
1.373	0.69	0.27
1.374	0.62	0.30
1.375	0.59	0.32
1.376	0.54	0.36
1.377	0.66	0.31
1.378	0.80	0.27
1.379	0.70	0.27
1.38	0.60	0.28
1.381	0.51	0.28
1.382	0.43	0.29
1.383	0.44	0.29
1.384	0.42	0.28
1.385	0.35	0.27
1.386	0.30	0.27
1.387	0.26	0.30
1.388	0.22	0.35
1.389	0.24	0.32
1.39	0.28	0.29
1.391	0.25	0.30
1.392	0.21	0.31
1.393	0.32	0.40
1.394	0.42	0.50
1.395	0.35	0.41
1.396	0.30	0.33
1.397	0.28	0.30
1.398	0.27	0.28
1.399	0.29	0.35
1.4	0.30	0.44
1.401	0.39	0.42
1.402	0.48	0.40
1.403	0.48	0.37
1.404	0.48	0.33
1.405	0.49	0.36
1.406	0.51	0.39
1.407	0.47	0.38
1.408	0.45	0.36
1.409	0.65	0.30
1.41	0.81	0.26
1.411	0.86	0.27
1.412	0.91	0.29
1.413	0.87	0.29
1.414	0.85	0.29
1.415	0.80	0.35
1.416	0.76	0.43
1.417	0.69	0.38
1.418	0.58	0.34
1.419	0.63	0.29
1.42	0.69	0.26
1.421	0.69	0.27
1.422	0.67	0.28
1.423	0.60	0.27
1.424	0.54	0.27
1.425	0.48	0.27
1.426	0.42	0.28
1.427	0.36	0.30
1.428	0.31	0.34
1.429	0.28	0.30
1.43	0.25	0.27
1.431	0.21	0.27
1.432	0.17	0.28
1.433	0.16	0.28
1.434	0.17	0.28
1.435	0.16	0.28
1.436	0.13	0.28
1.437	0.05	0.31
1.438	-0.04	0.35
1.439	0.03	0.30
1.44	0.10	0.27
1.441	0.08	0.30
1.442	0.04	0.35
1.443	0.11	0.30
1.444	0.18	0.27
1.445	0.14	0.28
1.446	0.09	0.31
1.447	0.10	0.33
1.448	0.11	0.36
1.449	0.10	0.33
1.45	0.07	0.30
1.451	0.12	0.36
1.452	0.17	0.44
1.453	0.41	0.49
1.454	0.68	0.53
1.455	0.75	0.42
1.456	0.86	0.32
1.457	0.90	0.30
1.458	0.93	0.29
1.459	0.85	0.32
1.46	0.79	0.36
1.461	0.78	0.34
1.462	0.77	0.32
1.463	0.72	0.30
1.464	0.67	0.28
1.465	0.56	0.29
1.466	0.45	0.30
1.467	0.50	0.31
1.468	0.56	0.33
1.469	0.46	0.41
1.47	0.35	0.51
1.471	0.41	0.42
1.472	0.47	0.34
1.473	0.36	0.32
1.474	0.26	0.30
1.475	0.25	0.32
1.476	0.23	0.35
1.477	0.24	0.34
1.478	0.25	0.33
1.479	0.20	0.31
1.48	0.14	0.29
1.481	0.16	0.27
1.482	0.16	0.26
1.483	0.18	0.29
1.484	0.21	0.33
1.485	0.28	0.33
1.486	0.33	0.34
1.487	0.24	0.31
1.488	0.13	0.30
1.489	0.17	0.35
1.49	0.21	0.42
1.491	0.45	0.37
1.492	0.69	0.32
1.493	0.75	0.32
1.494	0.81	0.32
1.495	0.94	0.30
1.496	1.07	0.28
1.497	0.98	0.32
1.498	0.90	0.37
1.499	0.93	0.34
1.5	0.97	0.32
1.501	0.93	0.33
1.502	0.89	0.33
1.503	0.83	0.34
1.504	0.72	0.39
1.505	0.60	0.46
1.506	0.66	0.38
1.507	0.73	0.31
1.508	0.79	0.27
1.509	0.73	0.27
1.51	0.67	0.27
1.511	0.62	0.28
1.512	0.59	0.29
1.513	0.56	0.30
1.514	0.54	0.30
1.515	0.52	0.31
1.516	0.47	0.30
1.517	0.42	0.30
1.518	0.38	0.30
1.519	0.34	0.30
1.52	0.29	0.30
1.521	0.34	0.29
1.522	0.37	0.28
1.523	0.43	0.27
1.524	0.48	0.29
1.525	0.53	0.32
1.526	0.55	0.30
1.527	0.58	0.28
1.528	0.61	0.26
1.529	0.66	0.31
1.53	0.73	0.40
1.531	0.77	0.35
1.532	0.83	0.31
1.533	0.88	0.28
1.534	0.94	0.32
1.535	1.02	0.39
1.536	0.97	0.38
1.537	0.91	0.38
1.538	0.87	0.37
1.539	0.92	0.34
1.54	0.97	0.31
1.541	0.91	0.29
1.542	0.86	0.28
1.543	0.81	0.27
1.544	0.72	0.28
1.545	0.64	0.30
1.546	0.61	0.29
1.547	0.57	0.29
1.548	0.53	0.28
1.549	0.45	0.33
1.55	0.37	0.39
1.551	0.44	0.36
1.552	0.47	0.33
1.553	0.49	0.30
1.554	0.47	0.32
1.555	0.45	0.34
1.556	0.44	0.34
1.557	0.45	0.33
1.558	0.48	0.32
1.559	0.47	0.30
1.56	0.45	0.28
1.561	0.42	0.28
1.562	0.39	0.28
1.563	0.36	0.28
1.564	0.36	0.28
1.565	0.34	0.29
1.566	0.37	0.31
1.567	0.38	0.33
1.568	0.40	0.36
1.569	0.47	0.33
1.57	0.53	0.30
1.571	0.61	0.30
1.572	0.69	0.29
1.573	0.77	0.29
1.574	0.86	0.28
1.575	0.94	0.28
1.576	0.94	0.28
1.577	0.93	0.29
1.578	0.89	0.29
1.579	0.79	0.29
1.58	0.70	0.29
1.581	0.68	0.33
1.582	0.66	0.38
1.583	0.65	0.43
1.584	0.61	0.35
1.585	0.55	0.29
1.586	0.53	0.29
1.587	0.50	0.29
1.588	0.47	0.28
1.589	0.45	0.30
1.59	0.43	0.31
1.591	0.46	0.33
1.592	0.52	0.34
1.593	0.59	0.36
1.594	0.52	0.32
1.595	0.44	0.29
1.596	0.42	0.28
1.597	0.39	0.27
1.598	0.38	0.26
1.599	0.34	0.27
1.6	0.29	0.28
1.601	0.27	0.31
1.602	0.25	0.33
1.603	0.23	0.37
1.604	0.24	0.35
1.605	0.27	0.33
1.606	0.31	0.33
1.607	0.35	0.33
1.608	0.39	0.33
1.609	0.46	0.34
1.61	0.53	0.34
1.611	0.57	0.31
1.612	0.61	0.28
1.613	0.64	0.26
1.614	0.62	0.27
1.615	0.59	0.29
1.616	0.60	0.30
1.617	0.61	0.33
1.618	0.62	0.35
1.619	0.51	0.31
1.62	0.41	0.27
1.621	0.38	0.27
1.622	0.36	0.27
1.623	0.33	0.27
1.624	0.36	0.28
1.625	0.39	0.28
1.626	0.46	0.32
1.627	0.55	0.36
1.628	0.63	0.41
1.629	0.49	0.38
1.63	0.35	0.35
1.631	0.32	0.34
1.632	0.29	0.32
1.633	0.26	0.31
1.634	0.31	0.38
1.635	0.38	0.46
1.636	0.31	0.39
1.637	0.26	0.32
1.638	0.20	0.28
1.639	0.35	0.31
1.64	0.49	0.35
1.641	0.49	0.38
1.642	0.49	0.41
1.643	0.49	0.44
1.644	0.58	0.39
1.645	0.68	0.34
1.646	0.70	0.33
1.647	0.72	0.32
1.648	0.74	0.31
1.649	0.80	0.32
1.65	0.86	0.33
1.651	0.86	0.32
1.652	0.85	0.31
1.653	0.85	0.31
1.654	0.87	0.29
1.655	0.90	0.28
1.656	0.86	0.28
1.657	0.82	0.29
1.658	0.76	0.29
1.659	0.76	0.29
1.66	0.74	0.30
1.661	0.70	0.30
1.662	0.68	0.30
1.663	0.66	0.30
1.664	0.66	0.29
1.665	0.67	0.29
1.666	0.63	0.30
1.667	0.58	0.31
1.668	0.56	0.32
1.669	0.56	0.31
1.67	0.55	0.30
1.671	0.50	0.29
1.672	0.44	0.28
1.673	0.42	0.28
1.674	0.36	0.28
1.675	0.30	0.28
1.676	0.34	0.28
1.677	0.37	0.29
1.678	0.40	0.29
1.679	0.36	0.29
1.68	0.32	0.29
1.681	0.31	0.28
1.682	0.28	0.28
1.683	0.28	0.27
1.684	0.29	0.27
1.685	0.29	0.27
1.686	0.31	0.29
1.687	0.33	0.32
1.688	0.33	0.36
1.689	0.38	0.33
1.69	0.43	0.31
1.691	0.47	0.31
1.692	0.50	0.32
1.693	0.53	0.33
1.694	0.58	0.33
1.695	0.61	0.32
1.696	0.58	0.30
1.697	0.54	0.29
1.698	0.50	0.28
1.699	0.56	0.33
1.7	0.63	0.41
1.701	0.70	0.38
1.702	0.78	0.34
1.703	0.85	0.31
1.704	0.84	0.30
1.705	0.83	0.29
1.706	0.81	0.29
1.707	0.78	0.30
1.708	0.74	0.30
1.709	0.68	0.29
1.71	0.61	0.27
1.711	0.54	0.29
1.712	0.47	0.32
1.713	0.41	0.34
1.714	0.37	0.34
1.715	0.35	0.33
1.716	0.32	0.37
1.717	0.31	0.42
1.718	0.28	0.47
1.719	0.28	0.41
1.72	0.26	0.35
1.721	0.32	0.34
1.722	0.38	0.32
1.723	0.44	0.31
1.724	0.45	0.32
1.725	0.45	0.33
1.726	0.46	0.33
1.727	0.46	0.33
1.728	0.46	0.34
1.729	0.43	0.31
1.73	0.39	0.28
1.731	0.48	0.31
1.732	0.57	0.34
1.733	0.66	0.37
1.734	0.50	0.31
1.735	0.35	0.27
1.736	0.37	0.28
1.737	0.40	0.30
1.738	0.42	0.33
1.739	0.46	0.37
1.74	0.50	0.42
1.741	0.53	0.42
1.742	0.54	0.41
1.743	0.57	0.41
1.744	0.69	0.37
1.745	0.79	0.34
1.746	0.77	0.34
1.747	0.74	0.34
1.748	0.71	0.34
1.749	0.66	0.33
1.75	0.60	0.32
1.751	0.55	0.30
1.752	0.51	0.29
1.753	0.48	0.28
1.754	0.39	0.30
1.755	0.29	0.33
1.756	0.36	0.33
1.757	0.41	0.34
1.758	0.46	0.34
1.759	0.39	0.30
1.76	0.32	0.27
1.761	0.24	0.30
1.762	0.17	0.35
1.763	0.13	0.40
1.764	0.11	0.38
1.765	0.09	0.36
1.766	0.12	0.35
1.767	0.15	0.35
1.768	0.18	0.35
1.769	0.18	0.31
1.77	0.17	0.28
1.771	0.19	0.28
1.772	0.20	0.28
1.773	0.23	0.28
1.774	0.28	0.28
1.775	0.33	0.29
1.776	0.37	0.30
1.777	0.41	0.30
1.778	0.46	0.31
1.779	0.45	0.32
1.78	0.43	0.33
1.781	0.46	0.35
1.782	0.49	0.38
1.783	0.53	0.40
1.784	0.52	0.35
1.785	0.51	0.30
1.786	0.49	0.31
1.787	0.46	0.32
1.788	0.43	0.34
1.789	0.52	0.31
1.79	0.64	0.29
1.791	0.70	0.29
1.792	0.74	0.30
1.793	0.80	0.30
1.794	0.74	0.30
1.795	0.71	0.29
1.796	0.70	0.30
1.797	0.67	0.31
1.798	0.66	0.32
1.799	0.61	0.32
1.8	0.57	0.31
1.801	0.55	0.30
1.802	0.53	0.29
1.803	0.51	0.29
1.804	0.42	0.29
1.805	0.36	0.30
1.806	0.36	0.29
1.807	0.36	0.29
1.808	0.37	0.28
1.809	0.27	0.28
1.81	0.17	0.27
1.811	0.24	0.27
1.812	0.32	0.28
1.813	0.37	0.29
1.814	0.44	0.33
1.815	0.52	0.39
1.816	0.49	0.39
1.817	0.46	0.39
1.818	0.43	0.39
1.819	0.38	0.36
1.82	0.33	0.34
1.821	0.29	0.32
1.822	0.26	0.31
1.823	0.21	0.29
1.824	0.21	0.30
1.825	0.21	0.31
1.826	0.22	0.30
1.827	0.25	0.30
1.828	0.26	0.29
1.829	0.26	0.32
1.83	0.31	0.36
1.831	0.32	0.39
1.832	0.33	0.42
1.833	0.31	0.45
1.834	0.43	0.42
1.835	0.55	0.39
1.836	0.53	0.38
1.837	0.52	0.38
1.838	0.53	0.37
1.839	0.50	0.38
1.84	0.45	0.39
1.841	0.46	0.40
1.842	0.47	0.40
1.843	0.50	0.40
1.844	0.49	0.37
1.845	0.46	0.34
1.846	0.44	0.34
1.847	0.41	0.33
1.848	0.37	0.32
1.849	0.34	0.32
1.85	0.28	0.31
1.851	0.28	0.31
1.852	0.27	0.30
1.853	0.26	0.30
1.854	0.26	0.30
1.855	0.27	0.31
1.856	0.27	0.31
1.857	0.28	0.31
1.858	0.29	0.32
1.859	0.31	0.31
1.86	0.32	0.30
1.861	0.42	0.32
1.862	0.54	0.34
1.863	0.66	0.37
1.864	0.60	0.34
1.865	0.54	0.32
1.866	0.51	0.32
1.867	0.49	0.33
1.868	0.47	0.34
1.869	0.55	0.35
1.87	0.63	0.36
1.871	0.58	0.40
1.872	0.54	0.45
1.873	0.49	0.51
1.874	0.61	0.44
1.875	0.67	0.37
1.876	0.62	0.36
1.877	0.54	0.35
1.878	0.49	0.34
1.879	0.52	0.32
1.88	0.53	0.30
1.881	0.48	0.29
1.882	0.42	0.29
1.883	0.38	0.28
1.884	0.29	0.27
1.885	0.24	0.26
1.886	0.19	0.29
1.887	0.16	0.33
1.888	0.10	0.39
1.889	0.17	0.35
1.89	0.24	0.31
1.891	0.22	0.31
1.892	0.20	0.30
1.893	0.19	0.30
1.894	0.30	0.29
1.895	0.39	0.28
1.896	0.40	0.29
1.897	0.39	0.30
1.898	0.37	0.31
1.899	0.53	0.32
1.9	0.64	0.33
1.901	0.67	0.33
1.902	0.69	0.34
1.903	0.73	0.35
1.904	0.73	0.34
1.905	0.72	0.34
1.906	0.75	0.31
1.907	0.78	0.29
1.908	0.81	0.27
1.909	0.72	0.28
1.91	0.65	0.29
1.911	0.63	0.30
1.912	0.61	0.30
1.913	0.59	0.30
1.914	0.51	0.29
1.915	0.46	0.28
1.916	0.46	0.28
1.917	0.48	0.27
1.918	0.49	0.27
1.919	0.48	0.27
1.92	0.47	0.27
1.921	0.45	0.26
1.922	0.43	0.26
1.923	0.41	0.26
1.924	0.44	0.27
1.925	0.45	0.28
1.926	0.40	0.28
1.927	0.34	0.27
1.928	0.29	0.27
1.929	0.27	0.27
1.93	0.27	0.27
1.931	0.28	0.28
1.932	0.28	0.29
1.933	0.26	0.30
1.934	0.23	0.30
1.935	0.17	0.31
1.936	0.19	0.31
1.937	0.22	0.30
1.938	0.26	0.30
1.939	0.31	0.31
1.94	0.36	0.32
1.941	0.44	0.32
1.942	0.55	0.32
1.943	0.65	0.32
1.944	0.70	0.35
1.945	0.75	0.38
1.946	0.78	0.34
1.947	0.80	0.31
1.948	0.84	0.29
1.949	0.75	0.31
1.95	0.65	0.34
1.951	0.63	0.32
1.952	0.62	0.30
1.953	0.61	0.29
1.954	0.56	0.29
1.955	0.52	0.30
1.956	0.50	0.30
1.957	0.46	0.31
1.958	0.45	0.31
1.959	0.46	0.33
1.96	0.48	0.34
1.961	0.49	0.33
1.962	0.51	0.31
1.963	0.51	0.30
1.964	0.50	0.30
1.965	0.50	0.29
1.966	0.45	0.31
1.967	0.42	0.32
1.968	0.39	0.34
1.969	0.36	0.35
1.97	0.35	0.37
1.971	0.28	0.33
1.972	0.23	0.29
1.973	0.16	0.27
1.974	0.21	0.30
1.975	0.26	0.34
1.976	0.24	0.34
1.977	0.22	0.35
1.978	0.19	0.36
1.979	0.11	0.34
1.98	0.03	0.33
1.981	0.07	0.32
1.982	0.11	0.31
1.983	0.16	0.31
1.984	0.17	0.29
1.985	0.20	0.28
1.986	0.20	0.28
1.987	0.21	0.28
1.988	0.21	0.28
1.989	0.19	0.30
1.99	0.16	0.34
1.991	0.22	0.32
1.992	0.27	0.30
1.993	0.31	0.29
1.994	0.33	0.28
1.995	0.32	0.27
1.996	0.40	0.28
1.997	0.48	0.29
1.998	0.57	0.31
1.999	0.63	0.30
2	0.70	0.29
2.001	0.64	0.30
2.002	0.58	0.31
2.003	0.53	0.32
2.004	0.55	0.30
2.005	0.57	0.28
2.006	0.55	0.27
2.007	0.53	0.27
2.008	0.51	0.26
2.009	0.43	0.28
2.01	0.35	0.30
2.011	0.40	0.29
2.012	0.44	0.28
2.013	0.48	0.27
2.014	0.49	0.30
2.015	0.53	0.34
2.016	0.45	0.32
2.017	0.38	0.31
2.018	0.28	0.30
2.019	0.26	0.29
2.02	0.24	0.28
2.021	0.24	0.29
2.022	0.26	0.31
2.023	0.29	0.33
2.024	0.22	0.36
2.025	0.15	0.40
2.026	0.17	0.37
2.027	0.21	0.34
2.028	0.23	0.32
2.029	0.22	0.30
2.03	0.21	0.28
2.031	0.25	0.28
2.032	0.29	0.28
2.033	0.34	0.28
2.034	0.39	0.29
2.035	0.44	0.31
2.036	0.42	0.31
2.037	0.38	0.31
2.038	0.35	0.31
2.039	0.41	0.30
2.04	0.47	0.29
2.041	0.47	0.29
2.042	0.49	0.29
2.043	0.48	0.29
2.044	0.51	0.28
2.045	0.54	0.27
2.046	0.44	0.30
2.047	0.35	0.34
2.048	0.25	0.38
2.049	0.32	0.36
2.05	0.39	0.34
2.051	0.39	0.34
2.052	0.40	0.35
2.053	0.40	0.34
2.054	0.46	0.33
2.055	0.51	0.31
2.056	0.49	0.33
2.057	0.46	0.35
2.058	0.43	0.37
2.059	0.50	0.36
2.06	0.56	0.34
2.061	0.55	0.34
2.062	0.56	0.34
2.063	0.56	0.34
2.064	0.62	0.33
2.065	0.67	0.33
2.066	0.70	0.31
2.067	0.73	0.29
2.068	0.79	0.27
2.069	0.82	0.27
2.07	0.87	0.27
2.071	0.84	0.26
2.072	0.81	0.26
2.073	0.78	0.26
2.074	0.74	0.28
2.075	0.67	0.30
2.076	0.66	0.32
2.077	0.63	0.35
2.078	0.63	0.38
2.079	0.58	0.33
2.08	0.56	0.30
2.081	0.62	0.29
2.082	0.68	0.29
2.083	0.74	0.29
2.084	0.69	0.30
2.085	0.63	0.30
2.086	0.63	0.29
2.087	0.63	0.28
2.088	0.63	0.28
2.089	0.54	0.27
2.09	0.45	0.26
2.091	0.45	0.26
2.092	0.45	0.27
2.093	0.44	0.27
2.094	0.36	0.27
2.095	0.27	0.27
2.096	0.24	0.28
2.097	0.20	0.28
2.098	0.18	0.28
2.099	0.18	0.30
2.1	0.16	0.32
2.101	0.20	0.33
2.102	0.23	0.34
2.103	0.26	0.34
2.104	0.30	0.32
2.105	0.34	0.30
2.106	0.32	0.29
2.107	0.30	0.28
2.108	0.29	0.28
2.109	0.26	0.29
2.11	0.24	0.31
2.111	0.22	0.30
2.112	0.22	0.28
2.113	0.20	0.27
2.114	0.21	0.29
2.115	0.22	0.32
2.116	0.28	0.34
2.117	0.35	0.36
2.118	0.42	0.38
2.119	0.43	0.36
2.12	0.43	0.34
2.121	0.48	0.31
2.122	0.52	0.29
2.123	0.56	0.27
2.124	0.46	0.28
2.125	0.35	0.30
2.126	0.30	0.30
2.127	0.27	0.30
2.128	0.25	0.31
2.129	0.14	0.33
2.13	0.04	0.36
2.131	0.09	0.32
2.132	0.13	0.29
2.133	0.17	0.26
2.134	0.10	0.31
2.135	0.03	0.38
2.136	0.04	0.40
2.137	0.06	0.43
2.138	0.08	0.45
2.139	0.10	0.34
2.14	0.11	0.27
2.141	0.15	0.27
2.142	0.20	0.27
2.143	0.25	0.27
2.144	0.35	0.30
2.145	0.44	0.33
2.146	0.47	0.35
2.147	0.49	0.36
2.148	0.52	0.38
2.149	0.68	0.34
2.15	0.81	0.30
2.151	0.85	0.30
2.152	0.88	0.30
2.153	0.92	0.29
2.154	0.85	0.29
2.155	0.79	0.29
2.156	0.79	0.29
2.157	0.76	0.29
2.158	0.76	0.29
2.159	0.75	0.28
2.16	0.75	0.27
2.161	0.69	0.29
2.162	0.63	0.30
2.163	0.56	0.33
2.164	0.56	0.34
2.165	0.55	0.35
2.166	0.54	0.32
2.167	0.53	0.29
2.168	0.51	0.27
2.169	0.49	0.27
2.17	0.45	0.27
2.171	0.44	0.27
2.172	0.43	0.28
2.173	0.42	0.28
2.174	0.37	0.27
2.175	0.31	0.27
2.176	0.26	0.27
2.177	0.22	0.28
2.178	0.17	0.29
2.179	0.15	0.30
2.18	0.13	0.31
2.181	0.13	0.29
2.182	0.15	0.27
2.183	0.13	0.26
2.184	0.16	0.28
2.185	0.20	0.31
2.186	0.17	0.33
2.187	0.15	0.35
2.188	0.12	0.37
2.189	0.23	0.32
2.19	0.34	0.28
2.191	0.37	0.29
2.192	0.42	0.30
2.193	0.47	0.31
2.194	0.44	0.30
2.195	0.41	0.29
2.196	0.43	0.29
2.197	0.47	0.28
2.198	0.50	0.28
2.199	0.53	0.28
2.2	0.55	0.29
2.201	0.60	0.28
2.202	0.62	0.27
2.203	0.65	0.27
2.204	0.61	0.27
2.205	0.57	0.28
2.206	0.57	0.29
2.207	0.56	0.29
2.208	0.57	0.30
2.209	0.48	0.29
2.21	0.38	0.27
2.211	0.36	0.27
2.212	0.33	0.27
2.213	0.30	0.26
2.214	0.26	0.27
2.215	0.20	0.29
2.216	0.27	0.30
2.217	0.37	0.30
2.218	0.44	0.31
2.219	0.36	0.30
2.22	0.32	0.29
2.221	0.32	0.29
2.222	0.28	0.30
2.223	0.26	0.30
2.224	0.21	0.29
2.225	0.16	0.28
2.226	0.18	0.29
2.227	0.19	0.29
2.228	0.22	0.30
2.229	0.19	0.30
2.23	0.18	0.29
2.231	0.21	0.30
2.232	0.24	0.32
2.233	0.26	0.34
2.234	0.28	0.32
2.235	0.31	0.30
2.236	0.36	0.30
2.237	0.42	0.30
2.238	0.47	0.30
2.239	0.56	0.30
2.24	0.67	0.29
2.241	0.63	0.30
2.242	0.60	0.31
2.243	0.57	0.32
2.244	0.50	0.32
2.245	0.45	0.33
2.246	0.44	0.31
2.247	0.43	0.29
2.248	0.41	0.27
2.249	0.41	0.28
2.25	0.41	0.28
2.251	0.39	0.29
2.252	0.39	0.30
2.253	0.37	0.31
2.254	0.25	0.30
2.255	0.12	0.29
2.256	0.10	0.28
2.257	0.08	0.27
2.258	0.05	0.27
2.259	-0.04	0.28
2.26	-0.11	0.29
2.261	-0.09	0.29
2.262	-0.07	0.29
2.263	-0.06	0.29
2.264	0.03	0.28
2.265	0.13	0.27
2.266	0.14	0.27
2.267	0.16	0.27
2.268	0.15	0.26
2.269	0.27	0.26
2.27	0.39	0.26
2.271	0.34	0.30
2.272	0.29	0.36
2.273	0.24	0.42
2.274	0.47	0.35
2.275	0.68	0.30
2.276	0.66	0.32
2.277	0.65	0.35
2.278	0.63	0.39
2.279	0.64	0.35
2.28	0.67	0.31
2.281	0.68	0.29
2.282	0.67	0.28
2.283	0.67	0.27
2.284	0.61	0.27
2.285	0.56	0.27
2.286	0.51	0.27
2.287	0.46	0.28
2.288	0.43	0.29
2.289	0.40	0.29
2.29	0.36	0.30
2.291	0.34	0.29
2.292	0.30	0.28
2.293	0.25	0.27
2.294	0.19	0.28
2.295	0.14	0.30
2.296	0.14	0.31
2.297	0.14	0.33
2.298	0.13	0.34
2.299	0.10	0.36
2.3	0.07	0.39
2.301	0.11	0.33
2.302	0.15	0.29
2.303	0.19	0.26
2.304	0.28	0.27
2.305	0.36	0.28
2.306	0.31	0.30
2.307	0.27	0.34
2.308	0.23	0.38
2.309	0.36	0.34
2.31	0.49	0.31
2.311	0.48	0.32
2.312	0.48	0.34
2.313	0.49	0.35
2.314	0.45	0.31
2.315	0.45	0.27
2.316	0.47	0.28
2.317	0.50	0.28
2.318	0.51	0.29
2.319	0.52	0.32
2.32	0.57	0.36
2.321	0.53	0.34
2.322	0.48	0.32
2.323	0.47	0.30
2.324	0.33	0.29
2.325	0.20	0.27
2.326	0.27	0.31
2.327	0.37	0.35
2.328	0.46	0.40
2.329	0.37	0.36
2.33	0.29	0.32
2.331	0.33	0.32
2.332	0.35	0.31
2.333	0.38	0.31
2.334	0.32	0.31
2.335	0.29	0.30
2.336	0.26	0.29
2.337	0.20	0.27
2.338	0.16	0.26
2.339	0.07	0.28
2.34	-0.02	0.31
2.341	0.02	0.29
2.342	0.03	0.28
2.343	0.05	0.27
2.344	0.00	0.27
2.345	-0.02	0.27
2.346	0.03	0.29
2.347	0.07	0.30
2.348	0.10	0.32
2.349	0.24	0.33
2.35	0.36	0.33
2.351	0.40	0.34
2.352	0.43	0.35
2.353	0.47	0.36
2.354	0.48	0.37
2.355	0.50	0.38
2.356	0.53	0.35
2.357	0.59	0.32
2.358	0.62	0.30
2.359	0.54	0.33
2.36	0.46	0.36
2.361	0.44	0.34
2.362	0.44	0.32
2.363	0.42	0.30
2.364	0.42	0.29
2.365	0.45	0.29
2.366	0.49	0.28
2.367	0.51	0.28
2.368	0.54	0.28
2.369	0.52	0.31
2.37	0.52	0.34
2.371	0.43	0.32
2.372	0.34	0.29
2.373	0.27	0.27
2.374	0.20	0.30
2.375	0.10	0.34
2.376	0.11	0.32
2.377	0.12	0.30
2.378	0.13	0.29
2.379	0.11	0.29
2.38	0.09	0.29
2.381	0.04	0.31
2.382	0.01	0.35
2.383	-0.03	0.39
2.384	0.02	0.35
2.385	0.07	0.32
2.386	0.06	0.31
2.387	0.07	0.29
2.388	0.07	0.28
2.389	0.20	0.28
2.39	0.34	0.29
2.391	0.32	0.32
2.392	0.31	0.36
2.393	0.28	0.40
2.394	0.27	0.40
2.395	0.25	0.40
2.396	0.31	0.36
2.397	0.36	0.33
2.398	0.42	0.30
2.399	0.40	0.31
2.4	0.38	0.33
2.401	0.40	0.33
2.402	0.41	0.33
2.403	0.43	0.32
2.404	0.39	0.31
2.405	0.34	0.30
2.406	0.29	0.30
2.407	0.25	0.30
2.408	0.21	0.30
2.409	0.13	0.31
2.41	0.05	0.31
2.411	0.10	0.30
2.412	0.15	0.29
2.413	0.20	0.28
2.414	0.21	0.27
2.415	0.21	0.27
2.416	0.22	0.29
2.417	0.17	0.30
2.418	0.15	0.32
2.419	0.23	0.38
2.42	0.32	0.44
2.421	0.35	0.38
2.422	0.38	0.32
2.423	0.41	0.28
2.424	0.48	0.32
2.425	0.55	0.37
2.426	0.56	0.40
2.427	0.57	0.43
2.428	0.60	0.47
2.429	0.70	0.36
2.43	0.82	0.28
2.431	0.88	0.28
2.432	0.92	0.28
2.433	0.97	0.28
2.434	0.85	0.31
2.435	0.71	0.35
2.436	0.74	0.32
2.437	0.78	0.29
2.438	0.81	0.27
2.439	0.69	0.36
2.44	0.58	0.49
2.441	0.64	0.41
2.442	0.70	0.34
2.443	0.76	0.28
2.444	0.71	0.29
2.445	0.65	0.30
2.446	0.61	0.30
2.447	0.56	0.29
2.448	0.52	0.29
2.449	0.46	0.30
2.45	0.42	0.31
2.451	0.41	0.30
2.452	0.40	0.30
2.453	0.40	0.30
2.454	0.28	0.31
2.455	0.16	0.32
2.456	0.17	0.32
2.457	0.17	0.32
2.458	0.18	0.32
2.459	0.13	0.29
2.46	0.09	0.27
2.461	0.05	0.30
2.462	0.00	0.35
2.463	-0.04	0.40
2.464	0.04	0.32
2.465	0.11	0.26
2.466	0.09	0.28
2.467	0.05	0.30
2.468	0.04	0.33
2.469	0.08	0.30
2.47	0.12	0.28
2.471	0.20	0.32
2.472	0.28	0.36
2.473	0.36	0.41
2.474	0.37	0.34
2.475	0.38	0.28
2.476	0.45	0.30
2.477	0.51	0.31
2.478	0.57	0.33
2.479	0.55	0.36
2.48	0.56	0.40
2.481	0.63	0.38
2.482	0.71	0.35
2.483	0.76	0.33
2.484	0.76	0.33
2.485	0.76	0.33
2.486	0.76	0.33
2.487	0.76	0.33
2.488	0.75	0.33
2.489	0.69	0.33
2.49	0.63	0.34
2.491	0.50	0.37
2.492	0.37	0.41
2.493	0.25	0.45
2.494	0.31	0.36
2.495	0.37	0.30
2.496	0.37	0.30
2.497	0.36	0.30
2.498	0.35	0.30
2.499	0.20	0.29
2.5	0.06	0.29
2.501	0.09	0.28
2.502	0.12	0.27
2.503	0.17	0.26
2.504	0.24	0.27
2.505	0.31	0.27
2.506	0.33	0.28
2.507	0.34	0.30
2.508	0.34	0.31
2.509	0.41	0.29
2.51	0.46	0.27
2.511	0.36	0.29
2.512	0.28	0.32
2.513	0.19	0.36
2.514	0.33	0.37
2.515	0.49	0.38
2.516	0.60	0.36
2.517	0.71	0.35
2.518	0.81	0.33
2.519	0.84	0.30
2.52	0.88	0.28
2.521	0.84	0.29
2.522	0.84	0.30
2.523	0.82	0.31
2.524	0.84	0.29
2.525	0.83	0.27
2.526	0.81	0.27
2.527	0.79	0.27
2.528	0.78	0.27
2.529	0.70	0.30
2.53	0.64	0.34
2.531	0.63	0.31
2.532	0.62	0.29
2.533	0.62	0.28
2.534	0.63	0.27
2.535	0.63	0.27
2.536	0.53	0.27
2.537	0.45	0.28
2.538	0.38	0.28
2.539	0.37	0.33
2.54	0.37	0.39
2.541	0.30	0.35
2.542	0.24	0.31
2.543	0.18	0.28
2.544	0.11	0.28
2.545	0.05	0.29
2.546	0.02	0.32
2.547	-0.01	0.36
2.548	-0.05	0.40
2.549	-0.01	0.32
2.55	0.03	0.26
2.551	0.03	0.27
2.552	0.03	0.28
2.553	0.01	0.30
2.554	0.07	0.30
2.555	0.13	0.30
2.556	0.16	0.35
2.557	0.19	0.41
2.558	0.24	0.48
2.559	0.27	0.39
2.56	0.30	0.32
2.561	0.32	0.32
2.562	0.33	0.32
2.563	0.35	0.32
2.564	0.36	0.29
2.565	0.38	0.26
2.566	0.33	0.27
2.567	0.28	0.29
2.568	0.22	0.32
2.569	0.27	0.29
2.57	0.31	0.27
2.571	0.30	0.27
2.572	0.29	0.28
2.573	0.31	0.28
2.574	0.27	0.30
2.575	0.23	0.32
2.576	0.17	0.34
2.577	0.11	0.36
2.578	0.05	0.38
2.579	0.11	0.38
2.58	0.17	0.39
2.581	0.15	0.35
2.582	0.11	0.31
2.583	0.07	0.28
2.584	0.10	0.27
2.585	0.12	0.27
2.586	0.12	0.29
2.587	0.12	0.32
2.588	0.11	0.36
2.589	0.09	0.36
2.59	0.07	0.36
2.591	0.10	0.33
2.592	0.12	0.31
2.593	0.15	0.29
2.594	0.22	0.32
2.595	0.29	0.35
2.596	0.32	0.32
2.597	0.35	0.30
2.598	0.38	0.28
2.599	0.49	0.29
2.6	0.60	0.31
2.601	0.55	0.31
2.602	0.53	0.31
2.603	0.50	0.31
2.604	0.57	0.30
2.605	0.64	0.29
2.606	0.60	0.29
2.607	0.57	0.30
2.608	0.53	0.30
2.609	0.55	0.29
2.61	0.57	0.28
2.611	0.53	0.27
2.612	0.49	0.27
2.613	0.44	0.26
2.614	0.31	0.29
2.615	0.18	0.33
2.616	0.21	0.31
2.617	0.25	0.29
2.618	0.31	0.27
2.619	0.23	0.27
2.62	0.14	0.26
2.621	0.15	0.27
2.622	0.14	0.27
2.623	0.14	0.27
2.624	0.09	0.28
2.625	0.04	0.28
2.626	0.04	0.27
2.627	0.04	0.27
2.628	0.05	0.26
2.629	0.04	0.30
2.63	0.02	0.36
2.631	0.08	0.32
2.632	0.16	0.29
2.633	0.23	0.27
2.634	0.25	0.27
2.635	0.25	0.27
2.636	0.30	0.29
2.637	0.32	0.31
2.638	0.38	0.33
2.639	0.39	0.30
2.64	0.40	0.28
2.641	0.41	0.30
2.642	0.41	0.32
2.643	0.40	0.34
2.644	0.44	0.34
2.645	0.48	0.33
2.646	0.44	0.38
2.647	0.42	0.43
2.648	0.39	0.48
2.649	0.29	0.38
2.65	0.21	0.30
2.651	0.12	0.32
2.652	0.05	0.33
2.653	-0.02	0.35
2.654	0.02	0.31
2.655	0.06	0.28
2.656	0.03	0.29
2.657	-0.02	0.30
2.658	-0.07	0.31
2.659	0.01	0.31
2.66	0.07	0.30
2.661	0.05	0.30
2.662	0.02	0.29
2.663	0.00	0.28
2.664	0.03	0.29
2.665	0.07	0.30
2.666	0.08	0.31
2.667	0.09	0.33
2.668	0.09	0.35
2.669	0.10	0.34
2.67	0.10	0.34
2.671	0.11	0.34
2.672	0.12	0.35
2.673	0.12	0.36
2.674	0.12	0.33
2.675	0.12	0.31
2.676	0.15	0.29
2.677	0.18	0.28
2.678	0.20	0.27
2.679	0.23	0.28
2.68	0.26	0.29
2.681	0.36	0.28
2.682	0.44	0.28
2.683	0.53	0.27
2.684	0.56	0.27
2.685	0.56	0.27
2.686	0.56	0.29
2.687	0.56	0.31
2.688	0.56	0.33
2.689	0.58	0.36
2.69	0.61	0.40
2.691	0.52	0.38
2.692	0.45	0.36
2.693	0.37	0.34
2.694	0.40	0.31
2.695	0.38	0.29
2.696	0.38	0.29
2.697	0.39	0.29
2.698	0.39	0.28
2.699	0.40	0.28
2.7	0.43	0.28
2.701	0.38	0.31
2.702	0.32	0.35
2.703	0.26	0.40
2.704	0.34	0.35
2.705	0.42	0.31
2.706	0.45	0.31
2.707	0.49	0.30
2.708	0.52	0.30
2.709	0.50	0.33
2.71	0.50	0.35
2.711	0.46	0.37
2.712	0.48	0.38
2.713	0.50	0.40
2.714	0.50	0.39
2.715	0.50	0.39
2.716	0.53	0.39
2.717	0.55	0.39
2.718	0.57	0.39
2.719	0.52	0.37
2.72	0.49	0.35
2.721	0.52	0.34
2.722	0.54	0.33
2.723	0.55	0.32
2.724	0.52	0.29
2.725	0.47	0.28
2.726	0.48	0.28
2.727	0.46	0.28
2.728	0.45	0.29
2.729	0.41	0.30
2.73	0.37	0.32
2.731	0.35	0.31
2.732	0.32	0.30
2.733	0.28	0.30
2.734	0.22	0.30
2.735	0.16	0.30
2.736	0.08	0.31
2.737	-0.01	0.31
2.738	-0.09	0.32
2.739	-0.09	0.31
2.74	-0.09	0.30
2.741	-0.10	0.30
2.742	-0.13	0.31
2.743	-0.15	0.31
2.744	-0.10	0.30
2.745	-0.05	0.30
2.746	-0.05	0.29
2.747	-0.05	0.28
2.748	-0.05	0.27
2.749	-0.05	0.27
2.75	-0.06	0.27
2.751	-0.05	0.28
2.752	-0.05	0.30
2.753	-0.03	0.31
2.754	-0.02	0.29
2.755	-0.01	0.27
2.756	0.01	0.27
2.757	0.03	0.27
2.758	0.05	0.27
2.759	0.14	0.31
2.76	0.25	0.37
2.761	0.21	0.36
2.762	0.19	0.35
2.763	0.17	0.34
2.764	0.13	0.32
2.765	0.10	0.31
2.766	0.10	0.30
2.767	0.08	0.30
2.768	0.08	0.29
2.769	0.01	0.34
2.77	-0.06	0.40
2.771	-0.06	0.38
2.772	-0.07	0.37
2.773	-0.04	0.36
2.774	-0.04	0.36
2.775	-0.04	0.36
2.776	-0.04	0.33
2.777	-0.03	0.31
2.778	-0.01	0.28
2.779	-0.03	0.30
2.78	-0.04	0.32
2.781	-0.03	0.31
2.782	-0.03	0.31
2.783	-0.04	0.30
2.784	0.00	0.35
2.785	0.05	0.40
2.786	0.06	0.35
2.787	0.06	0.31
2.788	0.07	0.27
2.789	0.08	0.28
2.79	0.08	0.29
2.791	0.10	0.28
2.792	0.14	0.27
2.793	0.17	0.26
2.794	0.23	0.27
2.795	0.26	0.29
2.796	0.29	0.29
2.797	0.34	0.29
2.798	0.38	0.30
2.799	0.29	0.32
2.8	0.19	0.34
2.801	0.33	0.35
2.802	0.46	0.35
2.803	0.57	0.36
2.804	0.55	0.35
2.805	0.52	0.34
2.806	0.54	0.31
2.807	0.55	0.29
2.808	0.56	0.27
2.809	0.53	0.28
2.81	0.52	0.29
2.811	0.50	0.29
2.812	0.50	0.29
2.813	0.49	0.29
2.814	0.42	0.27
2.815	0.35	0.26
2.816	0.36	0.26
2.817	0.35	0.27
2.818	0.36	0.28
2.819	0.35	0.30
2.82	0.35	0.34
2.821	0.25	0.31
2.822	0.14	0.29
2.823	0.04	0.27
2.824	0.06	0.27
2.825	0.05	0.27
2.826	0.03	0.28
2.827	0.01	0.29
2.828	0.00	0.30
2.829	0.00	0.29
2.83	0.01	0.28
2.831	0.04	0.29
2.832	0.06	0.30
2.833	0.08	0.31
2.834	0.10	0.33
2.835	0.13	0.35
2.836	0.19	0.31
2.837	0.24	0.28
2.838	0.30	0.26
2.839	0.31	0.27
2.84	0.33	0.27
2.841	0.32	0.28
2.842	0.31	0.28
2.843	0.30	0.29
2.844	0.26	0.28
2.845	0.22	0.27
2.846	0.26	0.30
2.847	0.29	0.34
2.848	0.33	0.39
2.849	0.30	0.34
2.85	0.29	0.31
2.851	0.30	0.32
2.852	0.32	0.33
2.853	0.32	0.35
2.854	0.24	0.34
2.855	0.15	0.32
2.856	0.07	0.32
2.857	-0.02	0.32
2.858	-0.09	0.31
2.859	-0.03	0.29
2.86	0.04	0.27
2.861	0.03	0.27
2.862	0.02	0.27
2.863	0.01	0.27
2.864	0.05	0.30
2.865	0.10	0.36
2.866	0.10	0.33
2.867	0.10	0.30
2.868	0.09	0.28
2.869	0.17	0.32
2.87	0.24	0.37
2.871	0.21	0.33
2.872	0.19	0.30
2.873	0.18	0.27
2.874	0.29	0.30
2.875	0.40	0.33
2.876	0.38	0.32
2.877	0.36	0.30
2.878	0.34	0.29
2.879	0.32	0.30
2.88	0.30	0.31
2.881	0.28	0.31
2.882	0.27	0.32
2.883	0.25	0.32
2.884	0.26	0.31
2.885	0.28	0.29
2.886	0.28	0.29
2.887	0.30	0.29
2.888	0.31	0.29
2.889	0.30	0.30
2.89	0.28	0.31
2.891	0.22	0.33
2.892	0.15	0.36
2.893	0.10	0.38
2.894	0.08	0.36
2.895	0.06	0.34
2.896	0.02	0.33
2.897	-0.02	0.32
2.898	-0.06	0.30
2.899	-0.02	0.31
2.9	0.02	0.32
2.901	0.01	0.30
2.902	0.01	0.29
2.903	-0.01	0.28
2.904	0.00	0.28
2.905	0.01	0.28
2.906	0.03	0.28
2.907	0.04	0.28
2.908	0.05	0.28
2.909	0.10	0.28
2.91	0.14	0.28
2.911	0.14	0.28
2.912	0.12	0.28
2.913	0.12	0.28
2.914	0.14	0.30
2.915	0.15	0.33
2.916	0.12	0.31
2.917	0.09	0.30
2.918	0.05	0.29
2.919	0.13	0.27
2.92	0.20	0.26
2.921	0.23	0.26
2.922	0.24	0.27
2.923	0.25	0.27
2.924	0.29	0.28
2.925	0.32	0.28
2.926	0.28	0.31
2.927	0.24	0.36
2.928	0.19	0.41
2.929	0.31	0.35
2.93	0.43	0.30
2.931	0.37	0.30
2.932	0.32	0.30
2.933	0.27	0.30
2.934	0.23	0.29
2.935	0.18	0.28
2.936	0.14	0.27
2.937	0.09	0.27
2.938	0.04	0.26
2.939	-0.03	0.27
2.94	-0.09	0.28
2.941	-0.07	0.29
2.942	-0.06	0.30
2.943	-0.06	0.31
2.944	-0.11	0.30
2.945	-0.16	0.30
2.946	-0.19	0.30
2.947	-0.23	0.29
2.948	-0.26	0.29
2.949	-0.26	0.30
2.95	-0.26	0.31
2.951	-0.21	0.29
2.952	-0.17	0.28
2.953	-0.12	0.27
2.954	-0.09	0.30
2.955	-0.06	0.34
2.956	0.02	0.32
2.957	0.08	0.31
2.958	0.16	0.30
2.959	0.09	0.29
2.96	0.00	0.28
2.961	0.02	0.28
2.962	0.05	0.27
2.963	0.07	0.27
2.964	0.06	0.28
2.965	0.04	0.29
2.966	0.08	0.28
2.967	0.10	0.28
2.968	0.14	0.27
2.969	0.17	0.28
2.97	0.19	0.29
2.971	0.20	0.29
2.972	0.21	0.29
2.973	0.23	0.29
2.974	0.24	0.29
2.975	0.25	0.29
2.976	0.24	0.30
2.977	0.22	0.32
2.978	0.20	0.34
2.979	0.21	0.36
2.98	0.23	0.39
2.981	0.17	0.39
2.982	0.12	0.39
2.983	0.06	0.39
2.984	0.02	0.36
2.985	-0.01	0.33
2.986	-0.03	0.33
2.987	-0.06	0.32
2.988	-0.09	0.32
2.989	-0.07	0.31
2.99	-0.04	0.31
2.991	-0.04	0.31
2.992	-0.02	0.30
2.993	-0.01	0.30
2.994	-0.01	0.29
2.995	0.00	0.29
2.996	0.04	0.28
2.997	0.07	0.28
2.998	0.11	0.27
2.999	0.16	0.29
3	0.20	0.30
3.001	0.21	0.31
3.002	0.20	0.31
3.003	0.23	0.32
3.004	0.24	0.32
3.005	0.25	0.32
3.006	0.25	0.32
3.007	0.27	0.31
3.008	0.26	0.30
3.009	0.27	0.30
3.01	0.28	0.29
3.011	0.26	0.29
3.012	0.25	0.29
3.013	0.25	0.29
3.014	0.23	0.30
3.015	0.22	0.30
3.016	0.20	0.29
3.017	0.18	0.29
3.018	0.16	0.29
3.019	0.14	0.29
3.02	0.12	0.28
3.021	0.13	0.29
3.022	0.13	0.29
3.023	0.13	0.29
3.024	0.13	0.30
3.025	0.14	0.30
3.026	0.09	0.32
3.027	0.04	0.34
3.028	-0.01	0.37
3.029	-0.05	0.39
3.03	-0.10	0.42
3.031	-0.10	0.40
3.032	-0.11	0.38
3.033	-0.12	0.36
3.034	-0.13	0.35
3.035	-0.14	0.33
3.036	-0.12	0.32
3.037	-0.11	0.30
3.038	-0.10	0.29
3.039	-0.08	0.28
3.04	-0.06	0.27
3.041	-0.02	0.27
3.042	0.02	0.27
3.043	0.05	0.28
3.044	0.11	0.28
3.045	0.13	0.28
3.046	0.14	0.28
3.047	0.13	0.28
3.048	0.14	0.28
3.049	0.14	0.28
3.05	0.15	0.28
3.051	0.12	0.29
3.052	0.10	0.29
3.053	0.08	0.29
3.054	0.06	0.30
3.055	0.03	0.30
3.056	0.03	0.31
3.057	0.03	0.31
3.058	0.01	0.32
3.059	0.00	0.33
3.06	-0.01	0.34
3.061	-0.01	0.34
3.062	0.00	0.35
3.063	0.00	0.35
3.064	0.01	0.35
3.065	0.03	0.36
3.066	0.00	0.35
3.067	-0.02	0.35
3.068	-0.04	0.34
3.069	-0.04	0.34
3.07	-0.06	0.33
3.071	-0.08	0.33
3.072	-0.11	0.34
3.073	-0.14	0.34
3.074	-0.16	0.34
3.075	-0.19	0.34
3.076	-0.17	0.33
3.077	-0.15	0.31
3.078	-0.13	0.30
3.079	-0.12	0.29
3.08	-0.10	0.28
3.081	-0.09	0.28
3.082	-0.11	0.29
3.083	-0.12	0.29
3.084	-0.13	0.29
3.085	-0.14	0.30
3.086	-0.13	0.30
3.087	-0.13	0.29
3.088	-0.11	0.29
3.089	-0.09	0.29
3.09	-0.07	0.29
3.091	-0.06	0.29
3.092	-0.03	0.29
3.093	-0.02	0.29
3.094	-0.01	0.30
3.095	0.00	0.30
3.096	0.02	0.30
3.097	0.03	0.29
3.098	0.05	0.29
3.099	0.07	0.29
3.1	0.08	0.29
3.101	0.07	0.29
3.102	0.05	0.29
3.103	0.04	0.29
3.104	0.03	0.29
3.105	0.01	0.29
3.106	-0.01	0.29
3.107	-0.03	0.30
3.108	-0.05	0.30
3.109	-0.06	0.30
3.11	-0.08	0.31
3.111	-0.06	0.31
3.112	-0.04	0.31
3.113	-0.02	0.31
3.114	-0.01	0.31
3.115	0.01	0.31
3.116	0.03	0.31
3.117	0.05	0.31
3.118	0.07	0.31
3.119	0.10	0.31
3.12	0.12	0.31
3.121	0.12	0.29
3.122	0.12	0.28
3.123	0.14	0.27
3.124	0.13	0.27
3.125	0.13	0.26
3.126	0.16	0.26
3.127	0.17	0.26
3.128	0.19	0.26
3.129	0.20	0.26
3.13	0.23	0.26
3.131	0.24	0.27
3.132	0.25	0.27
3.133	0.27	0.27
3.134	0.28	0.28
3.135	0.28	0.28
3.136	0.27	0.29
3.137	0.26	0.29
3.138	0.25	0.30
3.139	0.24	0.30
3.14	0.24	0.31
3.141	0.20	0.32
3.142	0.16	0.33
3.143	0.14	0.35
3.144	0.11	0.36
3.145	0.09	0.38
3.146	0.08	0.39
3.147	0.05	0.40
3.148	0.04	0.41
3.149	0.02	0.42
3.15	0.00	0.43
3.151	-0.04	0.40
3.152	-0.08	0.38
3.153	-0.13	0.36
3.154	-0.18	0.34
3.155	-0.22	0.33
3.156	-0.21	0.32
3.157	-0.21	0.32
3.158	-0.19	0.31
3.159	-0.20	0.31
3.16	-0.21	0.30
3.161	-0.19	0.31
3.162	-0.19	0.31
3.163	-0.17	0.32
3.164	-0.16	0.33
3.165	-0.15	0.33
3.166	-0.12	0.32
3.167	-0.09	0.31
3.168	-0.07	0.31
3.169	-0.04	0.30
3.17	-0.02	0.29
3.171	-0.03	0.30
3.172	-0.04	0.31
3.173	-0.04	0.31
3.174	-0.05	0.32
3.175	-0.06	0.33
3.176	-0.07	0.33
3.177	-0.08	0.33
3.178	-0.09	0.33
3.179	-0.10	0.33
3.18	-0.12	0.33
3.181	-0.11	0.32
3.182	-0.11	0.30
3.183	-0.11	0.29
3.184	-0.10	0.28
3.185	-0.09	0.27
3.186	-0.12	0.28
3.187	-0.14	0.30
3.188	-0.16	0.31
3.189	-0.19	0.33
3.19	-0.19	0.34
3.191	-0.18	0.33
3.192	-0.14	0.31
3.193	-0.10	0.30
3.194	-0.05	0.28
3.195	-0.02	0.27
3.196	-0.06	0.28
3.197	-0.10	0.30
3.198	-0.13	0.31
3.199	-0.16	0.33
3.2	-0.19	0.35
3.201	-0.18	0.34
3.202	-0.17	0.33
3.203	-0.15	0.33
3.204	-0.13	0.33
3.205	-0.12	0.32
3.206	-0.13	0.32
3.207	-0.13	0.32
3.208	-0.13	0.32
3.209	-0.13	0.32
3.21	-0.14	0.31
3.211	-0.13	0.30
3.212	-0.12	0.29
3.213	-0.11	0.28
3.214	-0.10	0.27
3.215	-0.10	0.26
3.216	-0.10	0.27
3.217	-0.11	0.27
3.218	-0.12	0.28
3.219	-0.12	0.29
3.22	-0.12	0.29
3.221	-0.10	0.29
3.222	-0.09	0.29
3.223	-0.07	0.29
3.224	-0.05	0.28
3.225	-0.02	0.28
3.226	-0.02	0.28
3.227	-0.04	0.28
3.228	-0.07	0.28
3.229	-0.08	0.28
3.23	-0.08	0.28
3.231	-0.09	0.28
3.232	-0.09	0.27
3.233	-0.09	0.27
3.234	-0.09	0.27
3.235	-0.09	0.27
3.236	-0.13	0.28
3.237	-0.18	0.29
3.238	-0.22	0.30
3.239	-0.27	0.32
3.24	-0.30	0.34
3.241	-0.29	0.33
3.242	-0.28	0.32
3.243	-0.26	0.31
3.244	-0.24	0.31
3.245	-0.23	0.30
3.246	-0.22	0.29
3.247	-0.19	0.29
3.248	-0.17	0.28
3.249	-0.14	0.28
3.25	-0.12	0.28
3.251	-0.12	0.28
3.252	-0.12	0.28
3.253	-0.11	0.28
3.254	-0.10	0.29
3.255	-0.07	0.29
3.256	-0.04	0.29
3.257	0.00	0.28
3.258	0.01	0.28
3.259	0.02	0.27
3.26	0.05	0.27
3.261	0.05	0.28
3.262	0.05	0.30
3.263	0.05	0.33
3.264	0.06	0.36
3.265	0.05	0.40
3.266	0.03	0.40
3.267	0.02	0.40
3.268	0.00	0.41
3.269	-0.01	0.41
3.27	-0.03	0.41
3.271	-0.03	0.38
3.272	-0.01	0.36
3.273	0.00	0.33
3.274	0.01	0.31
3.275	0.03	0.29
3.276	0.05	0.29
3.277	0.06	0.29
3.278	0.06	0.28
3.279	0.07	0.28
3.28	0.11	0.28
3.281	0.10	0.28
3.282	0.11	0.29
3.283	0.10	0.29
3.284	0.10	0.29
3.285	0.10	0.29
3.286	0.15	0.30
3.287	0.19	0.30
3.288	0.24	0.30
3.289	0.29	0.30
3.29	0.34	0.31
3.291	0.36	0.31
3.292	0.37	0.31
3.293	0.38	0.32
3.294	0.41	0.32
3.295	0.43	0.33
3.296	0.42	0.33
3.297	0.40	0.32
3.298	0.39	0.32
3.299	0.38	0.32
3.3	0.37	0.32
3.301	0.35	0.31
3.302	0.31	0.30
3.303	0.30	0.29
3.304	0.29	0.29
3.305	0.26	0.28
3.306	0.22	0.28
3.307	0.19	0.29
3.308	0.15	0.29
3.309	0.12	0.29
3.31	0.09	0.29
3.311	0.06	0.30
3.312	0.04	0.31
3.313	0.00	0.33
3.314	-0.03	0.34
3.315	-0.06	0.35
3.316	-0.08	0.34
3.317	-0.10	0.34
3.318	-0.13	0.33
3.319	-0.15	0.32
3.32	-0.16	0.32
3.321	-0.15	0.30
3.322	-0.13	0.29
3.323	-0.11	0.28
3.324	-0.10	0.27
3.325	-0.08	0.26
3.326	-0.07	0.26
3.327	-0.05	0.27
3.328	-0.04	0.27
3.329	-0.02	0.27
3.33	-0.01	0.27
3.331	0.00	0.27
3.332	0.00	0.28
3.333	0.02	0.28
3.334	0.04	0.28
3.335	0.04	0.28
3.336	0.03	0.28
3.337	0.04	0.29
3.338	0.04	0.30
3.339	0.04	0.30
3.34	0.06	0.31
3.341	0.06	0.31
3.342	0.06	0.30
3.343	0.07	0.30
3.344	0.07	0.30
3.345	0.07	0.29
3.346	0.06	0.29
3.347	0.04	0.29
3.348	0.03	0.28
3.349	0.01	0.28
3.35	-0.01	0.28
3.351	-0.03	0.28
3.352	0.00	0.29
3.353	-0.02	0.30
3.354	-0.04	0.31
3.355	-0.06	0.32
3.356	-0.03	0.31
3.357	-0.03	0.30
3.358	-0.01	0.30
3.359	0.01	0.29
3.36	0.02	0.28
3.361	0.01	0.29
3.362	-0.02	0.30
3.363	-0.04	0.31
3.364	-0.07	0.33
3.365	-0.06	0.34
3.366	-0.09	0.33
3.367	-0.10	0.32
3.368	-0.09	0.31
3.369	-0.10	0.30
3.37	-0.10	0.29
3.371	-0.06	0.30
3.372	-0.04	0.30
3.373	0.01	0.30
3.374	0.04	0.30
3.375	0.07	0.30
3.376	0.09	0.30
3.377	0.10	0.29
3.378	0.12	0.29
3.379	0.14	0.29
3.38	0.18	0.28
3.381	0.16	0.28
3.382	0.15	0.28
3.383	0.16	0.27
3.384	0.15	0.27
3.385	0.15	0.27
3.386	0.13	0.27
3.387	0.11	0.27
3.388	0.11	0.27
3.389	0.08	0.28
3.39	0.07	0.28
3.391	0.04	0.28
3.392	0.01	0.28
3.393	-0.01	0.28
3.394	-0.02	0.28
3.395	-0.06	0.27
3.396	-0.07	0.28
3.397	-0.07	0.28
3.398	-0.08	0.29
3.399	-0.08	0.29
3.4	-0.07	0.30
3.401	-0.07	0.29
3.402	-0.09	0.29
3.403	-0.10	0.29
3.404	-0.10	0.28
3.405	-0.09	0.28
3.406	-0.08	0.28
3.407	-0.09	0.28
3.408	-0.09	0.28
3.409	-0.10	0.28
3.41	-0.11	0.28
3.411	-0.12	0.28
3.412	-0.13	0.29
3.413	-0.15	0.29
3.414	-0.16	0.29
3.415	-0.18	0.29
3.416	-0.14	0.29
3.417	-0.12	0.29
3.418	-0.08	0.29
3.419	-0.07	0.29
3.42	-0.05	0.29
3.421	-0.03	0.29
3.422	-0.04	0.28
3.423	-0.05	0.28
3.424	-0.04	0.28
3.425	-0.04	0.27
3.426	-0.06	0.27
3.427	-0.08	0.27
3.428	-0.11	0.27
3.429	-0.13	0.27
3.43	-0.15	0.27
3.431	-0.18	0.28
3.432	-0.18	0.28
3.433	-0.21	0.29
3.434	-0.23	0.30
3.435	-0.28	0.31
3.436	-0.28	0.29
3.437	-0.28	0.28
3.438	-0.28	0.27
3.439	-0.27	0.27
3.44	-0.27	0.26
3.441	-0.27	0.27
3.442	-0.25	0.28
3.443	-0.24	0.29
3.444	-0.23	0.30
3.445	-0.20	0.31
3.446	-0.18	0.30
3.447	-0.17	0.29
3.448	-0.15	0.28
3.449	-0.13	0.27
3.45	-0.13	0.27
3.451	-0.13	0.27
3.452	-0.12	0.28
3.453	-0.12	0.28
3.454	-0.12	0.29
3.455	-0.11	0.29
3.456	-0.07	0.29
3.457	-0.03	0.29
3.458	0.01	0.29
3.459	0.05	0.29
3.46	0.08	0.29
3.461	0.06	0.29
3.462	0.04	0.28
3.463	0.02	0.28
3.464	-0.01	0.27
3.465	-0.04	0.27
3.466	-0.07	0.27
3.467	-0.12	0.27
3.468	-0.12	0.27
3.469	-0.14	0.28
3.47	-0.17	0.28
3.471	-0.18	0.28
3.472	-0.19	0.27
3.473	-0.21	0.27
3.474	-0.23	0.27
3.475	-0.24	0.27
3.476	-0.26	0.27
3.477	-0.29	0.28
3.478	-0.32	0.29
3.479	-0.38	0.30
3.48	-0.40	0.31
3.481	-0.36	0.30
3.482	-0.33	0.29
3.483	-0.29	0.28
3.484	-0.25	0.27
3.485	-0.22	0.27
3.486	-0.20	0.27
3.487	-0.18	0.28
3.488	-0.16	0.28
3.489	-0.14	0.29
3.49	-0.13	0.30
3.491	-0.13	0.30
3.492	-0.15	0.30
3.493	-0.17	0.30
3.494	-0.19	0.30
3.495	-0.21	0.31
3.496	-0.20	0.30
3.497	-0.19	0.30
3.498	-0.19	0.29
3.499	-0.19	0.29
3.5	-0.20	0.29
3.501	-0.15	0.29
3.502	-0.12	0.30
3.503	-0.09	0.30
3.504	-0.06	0.31
3.505	-0.03	0.32
3.506	-0.05	0.31
3.507	-0.07	0.30
3.508	-0.09	0.29
3.509	-0.10	0.29
3.51	-0.12	0.28
3.511	-0.13	0.28
3.512	-0.17	0.28
3.513	-0.17	0.28
3.514	-0.18	0.28
3.515	-0.18	0.28
3.516	-0.18	0.28
3.517	-0.17	0.28
3.518	-0.16	0.27
3.519	-0.14	0.27
3.52	-0.13	0.27
3.521	-0.10	0.28
3.522	-0.08	0.28
3.523	-0.05	0.29
3.524	-0.02	0.30
3.525	0.02	0.31
3.526	0.01	0.31
3.527	0.00	0.32
3.528	0.00	0.32
3.529	0.00	0.33
3.53	-0.02	0.33
3.531	-0.04	0.32
3.532	-0.07	0.31
3.533	-0.10	0.30
3.534	-0.12	0.29
3.535	-0.14	0.28
3.536	-0.16	0.28
3.537	-0.20	0.28
3.538	-0.21	0.29
3.539	-0.24	0.29
3.54	-0.27	0.30
3.541	-0.24	0.29
3.542	-0.21	0.28
3.543	-0.19	0.28
3.544	-0.16	0.27
3.545	-0.13	0.27
3.546	-0.12	0.27
3.547	-0.11	0.28
3.548	-0.10	0.28
3.549	-0.09	0.29
3.55	-0.07	0.30
3.551	-0.05	0.29
3.552	-0.04	0.29
3.553	-0.02	0.29
3.554	-0.01	0.29
3.555	0.00	0.28
3.556	-0.01	0.28
3.557	-0.02	0.28
3.558	-0.01	0.28
3.559	-0.06	0.28
3.56	-0.06	0.27
3.561	-0.08	0.27
3.562	-0.08	0.27
3.563	-0.10	0.27
3.564	-0.11	0.27
3.565	-0.11	0.27
3.566	-0.15	0.27
3.567	-0.17	0.27
3.568	-0.19	0.27
3.569	-0.22	0.28
3.57	-0.25	0.28
3.571	-0.26	0.29
3.572	-0.27	0.29
3.573	-0.29	0.30
3.574	-0.31	0.31
3.575	-0.33	0.32
3.576	-0.30	0.33
3.577	-0.27	0.33
3.578	-0.23	0.33
3.579	-0.20	0.34
3.58	-0.16	0.34
3.581	-0.14	0.33
3.582	-0.11	0.32
3.583	-0.08	0.30
3.584	-0.04	0.29
3.585	0.00	0.29
3.586	-0.02	0.29
3.587	-0.01	0.29
3.588	-0.01	0.29
3.589	0.00	0.29
3.59	0.00	0.30
3.591	-0.01	0.30
3.592	-0.01	0.31
3.593	-0.03	0.32
3.594	-0.04	0.33
3.595	-0.04	0.34
3.596	-0.08	0.32
3.597	-0.10	0.31
3.598	-0.13	0.29
3.599	-0.14	0.28
3.6	-0.17	0.27
3.601	-0.15	0.28
3.602	-0.14	0.28
3.603	-0.14	0.28
3.604	-0.12	0.29
3.605	-0.12	0.29
3.606	-0.13	0.29
3.607	-0.14	0.30
3.608	-0.15	0.30
3.609	-0.16	0.31
3.61	-0.17	0.31
3.611	-0.14	0.31
3.612	-0.12	0.31
3.613	-0.09	0.31
3.614	-0.09	0.30
3.615	-0.05	0.30
3.616	-0.05	0.30
3.617	0.04	0.29
3.618	0.08	0.29
3.619	0.13	0.29
3.62	0.18	0.28
3.621	0.16	0.29
3.622	0.15	0.29
3.623	0.15	0.30
3.624	0.15	0.30
3.625	0.15	0.31
3.626	0.19	0.30
3.627	0.23	0.30
3.628	0.26	0.30
3.629	0.29	0.30
3.63	0.33	0.30
3.631	0.29	0.29
3.632	0.25	0.28
3.633	0.22	0.28
3.634	0.18	0.27
3.635	0.15	0.27
3.636	0.09	0.27
3.637	0.06	0.27
3.638	0.03	0.27
3.639	-0.01	0.27
3.64	-0.05	0.27
3.641	-0.10	0.27
3.642	-0.14	0.27
3.643	-0.17	0.27
3.644	-0.21	0.28
3.645	-0.24	0.28
3.646	-0.22	0.28
3.647	-0.21	0.27
3.648	-0.20	0.27
3.649	-0.19	0.27
3.65	-0.18	0.27
3.651	-0.15	0.27
3.652	-0.13	0.28
3.653	-0.11	0.28
3.654	-0.09	0.28
3.655	-0.07	0.28
3.656	-0.04	0.29
3.657	-0.01	0.29
3.658	0.02	0.29
3.659	0.01	0.29
3.66	0.08	0.29
3.661	0.11	0.30
3.662	0.13	0.30
3.663	0.16	0.31
3.664	0.17	0.31
3.665	0.20	0.32
3.666	0.20	0.31
3.667	0.19	0.30
3.668	0.21	0.29
3.669	0.23	0.29
3.67	0.20	0.28
3.671	0.18	0.28
3.672	0.16	0.28
3.673	0.13	0.27
3.674	0.11	0.27
3.675	0.09	0.27
3.676	0.05	0.27
3.677	0.01	0.27
3.678	-0.04	0.28
3.679	-0.09	0.28
3.68	-0.13	0.28
3.681	-0.15	0.28
3.682	-0.14	0.28
3.683	-0.14	0.27
3.684	-0.16	0.27
3.685	-0.17	0.27
3.686	-0.19	0.27
3.687	-0.22	0.28
3.688	-0.24	0.28
3.689	-0.26	0.29
3.69	-0.28	0.29
3.691	-0.26	0.29
3.692	-0.25	0.29
3.693	-0.23	0.28
3.694	-0.22	0.28
3.695	-0.20	0.28
3.696	-0.21	0.28
3.697	-0.20	0.28
3.698	-0.20	0.28
3.699	-0.20	0.28
3.7	-0.20	0.29
3.701	-0.19	0.28
3.702	-0.19	0.28
3.703	-0.15	0.28
3.704	-0.13	0.28
3.705	-0.10	0.28
3.706	-0.07	0.28
3.707	-0.04	0.28
3.708	-0.02	0.29
3.709	0.01	0.29
3.71	0.04	0.29
3.711	0.04	0.29
3.712	0.05	0.30
3.713	0.04	0.31
3.714	0.04	0.31
3.715	0.04	0.32
3.716	-0.01	0.32
3.717	-0.05	0.32
3.718	-0.10	0.32
3.719	-0.15	0.32
3.72	-0.21	0.32
3.721	-0.20	0.31
3.722	-0.21	0.30
3.723	-0.21	0.29
3.724	-0.22	0.28
3.725	-0.22	0.27
3.726	-0.22	0.28
3.727	-0.21	0.29
3.728	-0.20	0.30
3.729	-0.19	0.32
3.73	-0.18	0.34
3.731	-0.19	0.32
3.732	-0.20	0.31
3.733	-0.19	0.30
3.734	-0.20	0.29
3.735	-0.20	0.28
3.736	-0.19	0.28
3.737	-0.20	0.28
3.738	-0.20	0.28
3.739	-0.20	0.28
3.74	-0.21	0.28
3.741	-0.17	0.28
3.742	-0.13	0.29
3.743	-0.10	0.29
3.744	-0.08	0.30
3.745	-0.03	0.30
3.746	-0.03	0.31
3.747	-0.01	0.31
3.748	0.02	0.31
3.749	0.05	0.31
3.75	0.05	0.31
3.751	0.04	0.31
3.752	-0.02	0.31
3.753	0.00	0.30
3.754	-0.02	0.30
3.755	-0.04	0.30
3.756	-0.06	0.29
3.757	-0.11	0.29
3.758	-0.15	0.28
3.759	-0.19	0.28
3.76	-0.21	0.28
3.761	-0.23	0.28
3.762	-0.24	0.29
3.763	-0.25	0.29
3.764	-0.26	0.30
3.765	-0.28	0.30
3.766	-0.26	0.30
3.767	-0.24	0.30
3.768	-0.22	0.30
3.769	-0.21	0.29
3.77	-0.17	0.29
3.771	-0.15	0.30
3.772	-0.13	0.30
3.773	-0.09	0.31
3.774	-0.06	0.31
3.775	-0.03	0.32
3.776	-0.05	0.32
3.777	-0.07	0.31
3.778	-0.09	0.31
3.779	-0.11	0.30
3.78	-0.13	0.30
3.781	-0.15	0.30
3.782	-0.16	0.30
3.783	-0.17	0.30
3.784	-0.18	0.31
3.785	-0.18	0.31
3.786	-0.17	0.30
3.787	-0.16	0.30
3.788	-0.15	0.30
3.789	-0.14	0.30
3.79	-0.13	0.29
3.791	-0.08	0.31
3.792	-0.04	0.32
3.793	-0.01	0.33
3.794	0.03	0.34
3.795	0.07	0.35
3.796	0.04	0.33
3.797	0.00	0.31
3.798	-0.01	0.30
3.799	-0.08	0.28
3.8	-0.12	0.27
3.801	-0.11	0.28
3.802	-0.10	0.28
3.803	-0.10	0.28
3.804	-0.09	0.28
3.805	-0.07	0.28
3.806	-0.09	0.28
3.807	-0.10	0.28
3.808	-0.12	0.28
3.809	-0.14	0.28
3.81	-0.16	0.27
3.811	-0.17	0.28
3.812	-0.18	0.28
3.813	-0.19	0.28
3.814	-0.21	0.28
3.815	-0.23	0.28
3.816	-0.22	0.29
3.817	-0.18	0.31
3.818	-0.17	0.32
3.819	-0.14	0.34
3.82	-0.11	0.36
3.821	-0.08	0.35
3.822	-0.05	0.33
3.823	-0.03	0.32
3.824	-0.01	0.31
3.825	0.02	0.29
3.826	0.03	0.31
3.827	0.02	0.32
3.828	0.01	0.33
3.829	0.00	0.35
3.83	0.00	0.37
3.831	-0.04	0.34
3.832	-0.08	0.32
3.833	-0.10	0.31
3.834	-0.16	0.29
3.835	-0.19	0.28
3.836	-0.21	0.29
3.837	-0.22	0.29
3.838	-0.25	0.29
3.839	-0.27	0.30
3.84	-0.30	0.30
3.841	-0.28	0.30
3.842	-0.27	0.30
3.843	-0.27	0.31
3.844	-0.26	0.31
3.845	-0.25	0.31
3.846	-0.24	0.31
3.847	-0.21	0.32
3.848	-0.20	0.32
3.849	-0.18	0.32
3.85	-0.17	0.32
3.851	-0.17	0.32
3.852	-0.18	0.31
3.853	-0.18	0.31
3.854	-0.18	0.31
3.855	-0.19	0.31
3.856	-0.20	0.30
3.857	-0.21	0.30
3.858	-0.22	0.30
3.859	-0.24	0.29
3.86	-0.26	0.29
3.861	-0.20	0.29
3.862	-0.16	0.30
3.863	-0.12	0.31
3.864	-0.07	0.31
3.865	-0.02	0.32
3.866	0.00	0.32
3.867	0.03	0.32
3.868	0.04	0.32
3.869	0.07	0.33
3.87	0.10	0.33
3.871	0.08	0.32
3.872	0.06	0.32
3.873	0.04	0.31
3.874	0.03	0.30
3.875	0.01	0.30
3.876	-0.02	0.29
3.877	-0.06	0.29
3.878	-0.10	0.28
3.879	-0.13	0.29
3.88	-0.17	0.28
3.881	-0.19	0.29
3.882	-0.21	0.29
3.883	-0.23	0.30
3.884	-0.24	0.30
3.885	-0.26	0.31
3.886	-0.26	0.31
3.887	-0.26	0.31
3.888	-0.26	0.31
3.889	-0.27	0.31
3.89	-0.27	0.31
3.891	-0.25	0.31
3.892	-0.24	0.31
3.893	-0.22	0.32
3.894	-0.20	0.32
3.895	-0.18	0.33
3.896	-0.19	0.32
3.897	-0.16	0.31
3.898	-0.18	0.30
3.899	-0.17	0.30
3.9	-0.17	0.29
3.901	-0.17	0.29
3.902	-0.18	0.29
3.903	-0.19	0.29
3.904	-0.20	0.29
3.905	-0.23	0.29
3.906	-0.22	0.28
3.907	-0.21	0.28
3.908	-0.21	0.28
3.909	-0.21	0.28
3.91	-0.20	0.28
3.911	-0.16	0.28
3.912	-0.13	0.28
3.913	-0.09	0.28
3.914	-0.03	0.29
3.915	0.01	0.29
3.916	-0.01	0.28
3.917	-0.01	0.28
3.918	0.02	0.28
3.919	0.00	0.29
3.92	-0.01	0.29
3.921	-0.05	0.29
3.922	-0.09	0.29
3.923	-0.13	0.29
3.924	-0.17	0.29
3.925	-0.20	0.29
3.926	-0.22	0.29
3.927	-0.21	0.29
3.928	-0.19	0.29
3.929	-0.20	0.29
3.93	-0.21	0.29
3.931	-0.25	0.29
3.932	-0.22	0.29
3.933	-0.23	0.29
3.934	-0.23	0.29
3.935	-0.22	0.29
3.936	-0.22	0.30
3.937	-0.21	0.30
3.938	-0.21	0.31
3.939	-0.21	0.32
3.94	-0.21	0.32
3.941	-0.19	0.33
3.942	-0.17	0.33
3.943	-0.15	0.34
3.944	-0.13	0.34
3.945	-0.12	0.35
3.946	-0.10	0.33
3.947	-0.10	0.32
3.948	-0.09	0.30
3.949	-0.08	0.29
3.95	-0.10	0.29
3.951	-0.15	0.28
3.952	-0.13	0.29
3.953	-0.15	0.29
3.954	-0.17	0.29
3.955	-0.19	0.29
3.956	-0.20	0.29
3.957	-0.22	0.29
3.958	-0.23	0.29
3.959	-0.26	0.29
3.96	-0.29	0.29
3.961	-0.24	0.29
3.962	-0.22	0.29
3.963	-0.19	0.29
3.964	-0.17	0.29
3.965	-0.14	0.29
3.966	-0.14	0.28
3.967	-0.14	0.28
3.968	-0.14	0.28
3.969	-0.14	0.28
3.97	-0.14	0.28
3.971	-0.14	0.28
3.972	-0.13	0.28
3.973	-0.16	0.28
3.974	-0.16	0.28
3.975	-0.13	0.29
3.976	-0.13	0.29
3.977	-0.12	0.29
3.978	-0.11	0.29
3.979	-0.10	0.30
3.98	-0.09	0.30
3.981	-0.08	0.30
3.982	-0.16	0.29
3.983	-0.14	0.29
3.984	-0.15	0.29
3.985	-0.10	0.30
3.986	-0.08	0.29
3.987	-0.07	0.29
3.988	-0.04	0.28
3.989	-0.03	0.28
3.99	0.00	0.27
3.991	0.02	0.28
3.992	0.04	0.30
3.993	0.06	0.31
3.994	0.08	0.33
3.995	0.10	0.35
3.996	0.10	0.34
3.997	0.10	0.34
3.998	0.08	0.33
3.999	0.08	0.32
4	0.08	0.31
4.001	0.05	0.31
4.002	0.08	0.32
4.003	0.01	0.31
4.004	0.01	0.31
4.005	-0.07	0.30
4.006	-0.06	0.30
4.007	-0.07	0.30
4.008	-0.08	0.31
4.009	-0.09	0.31
4.01	-0.09	0.31
4.011	-0.12	0.30
4.012	-0.14	0.30
4.013	-0.18	0.29
4.014	-0.21	0.28
4.015	-0.23	0.28
4.016	-0.28	0.29
4.017	-0.29	0.30
4.018	-0.31	0.32
4.019	-0.32	0.34
4.02	-0.34	0.37
4.021	-0.27	0.37
4.022	-0.20	0.37
4.023	-0.09	0.37
4.024	-0.02	0.38
4.025	0.04	0.38
4.026	0.03	0.36
4.027	-0.03	0.35
4.028	-0.04	0.33
4.029	-0.07	0.32
4.03	-0.10	0.31
4.031	-0.10	0.31
4.032	-0.10	0.31
4.033	-0.11	0.31
4.034	-0.12	0.31
4.035	-0.12	0.31
4.036	-0.11	0.31
4.037	-0.13	0.30
4.038	-0.09	0.31
4.039	-0.09	0.31
4.04	-0.06	0.31
4.041	-0.07	0.32
4.042	-0.08	0.32
4.043	-0.07	0.32
4.044	-0.06	0.32
4.045	-0.06	0.32
4.046	-0.04	0.33
4.047	-0.07	0.32
4.048	-0.07	0.32
4.049	-0.07	0.32
4.05	-0.06	0.32
4.051	-0.10	0.31
4.052	-0.04	0.32
4.053	-0.03	0.31
4.054	-0.02	0.32
4.055	-0.02	0.32
4.056	-0.02	0.31
4.057	-0.02	0.31
4.058	-0.03	0.31
4.059	-0.02	0.31
4.06	-0.05	0.30
4.061	-0.04	0.31
4.062	-0.05	0.31
4.063	-0.07	0.31
4.064	-0.08	0.31
4.065	-0.09	0.31
4.066	-0.10	0.31
4.067	-0.11	0.31
4.068	-0.13	0.31
4.069	-0.14	0.31
4.07	-0.15	0.31
4.071	-0.16	0.30
4.072	-0.15	0.30
4.073	-0.15	0.29
4.074	-0.17	0.29
4.075	-0.15	0.29
4.076	-0.18	0.29
4.077	-0.13	0.30
4.078	-0.13	0.30
4.079	-0.11	0.31
4.08	-0.11	0.32
4.081	-0.13	0.32
4.082	-0.15	0.32
4.083	-0.17	0.32
4.084	-0.16	0.32
4.085	-0.20	0.32
4.086	-0.17	0.32
4.087	-0.15	0.31
4.088	-0.13	0.31
4.089	-0.10	0.31
4.09	-0.09	0.30
4.091	-0.09	0.30
4.092	-0.11	0.31
4.093	-0.13	0.31
4.094	-0.14	0.31
4.095	-0.16	0.31
4.096	-0.19	0.31
4.097	-0.20	0.32
4.098	-0.22	0.33
4.099	-0.24	0.34
4.1	-0.25	0.34
4.101	-0.24	0.34
4.102	-0.24	0.33
4.103	-0.26	0.32
4.104	-0.26	0.32
4.105	-0.23	0.31
4.106	-0.24	0.31
4.107	-0.23	0.31
4.108	-0.25	0.31
4.109	-0.23	0.31
4.11	-0.23	0.30
4.111	-0.21	0.30
4.112	-0.21	0.30
4.113	-0.23	0.30
4.114	-0.25	0.29
4.115	-0.27	0.29
4.116	-0.26	0.29
4.117	-0.30	0.29
4.118	-0.29	0.29
4.119	-0.29	0.29
4.12	-0.24	0.29
4.121	-0.23	0.29
4.122	-0.21	0.30
4.123	-0.18	0.30
4.124	-0.16	0.30
4.125	-0.14	0.31
4.126	-0.19	0.32
4.127	-0.23	0.33
4.128	-0.27	0.34
4.129	-0.30	0.35
4.13	-0.33	0.36
4.131	-0.29	0.35
4.132	-0.26	0.34
4.133	-0.26	0.33
4.134	-0.24	0.32
4.135	-0.21	0.31
4.136	-0.22	0.31
4.137	-0.22	0.31
4.138	-0.23	0.30
4.139	-0.24	0.30
4.14	-0.26	0.30
4.141	-0.24	0.31
4.142	-0.23	0.31
4.143	-0.21	0.31
4.144	-0.21	0.31
4.145	-0.20	0.31
4.146	-0.17	0.31
4.147	-0.14	0.30
4.148	-0.11	0.30
4.149	-0.08	0.30
4.15	-0.05	0.30
4.151	-0.05	0.30
4.152	-0.04	0.30
4.153	-0.04	0.31
4.154	-0.03	0.31
4.155	-0.03	0.31
4.156	-0.07	0.31
4.157	-0.09	0.31
4.158	-0.12	0.31
4.159	-0.14	0.31
4.16	-0.17	0.30
4.161	-0.19	0.30
4.162	-0.18	0.30
4.163	-0.18	0.30
4.164	-0.18	0.29
4.165	-0.18	0.29
4.166	-0.16	0.30
4.167	-0.16	0.31
4.168	-0.15	0.31
4.169	-0.15	0.32
4.17	-0.14	0.33
4.171	-0.15	0.32
4.172	-0.16	0.32
4.173	-0.19	0.31
4.174	-0.20	0.31
4.175	-0.24	0.30
4.176	-0.22	0.30
4.177	-0.23	0.30
4.178	-0.26	0.29
4.179	-0.24	0.29
4.18	-0.22	0.30
4.181	-0.21	0.29
4.182	-0.20	0.29
4.183	-0.19	0.29
4.184	-0.18	0.29
4.185	-0.18	0.29
4.186	-0.19	0.29
4.187	-0.21	0.29
4.188	-0.23	0.29
4.189	-0.25	0.29
4.19	-0.27	0.29
4.191	-0.26	0.29
4.192	-0.25	0.29
4.193	-0.25	0.30
4.194	-0.24	0.30
4.195	-0.23	0.30
4.196	-0.24	0.31
4.197	-0.24	0.31
4.198	-0.24	0.31
4.199	-0.25	0.31
4.2	-0.18	0.31
4.201	-0.18	0.31
4.202	-0.19	0.31
4.203	-0.19	0.31
4.204	-0.19	0.30
4.205	-0.15	0.30
4.206	-0.18	0.31
4.207	-0.17	0.31
4.208	-0.15	0.31
4.209	-0.15	0.31
4.21	-0.14	0.31
4.211	-0.18	0.31
4.212	-0.20	0.30
4.213	-0.23	0.30
4.214	-0.23	0.29
4.215	-0.26	0.29
4.216	-0.28	0.29
4.217	-0.29	0.29
4.218	-0.31	0.29
4.219	-0.32	0.28
4.22	-0.33	0.28
4.221	-0.31	0.28
4.222	-0.30	0.28
4.223	-0.27	0.29
4.224	-0.25	0.29
4.225	-0.24	0.29
4.226	-0.24	0.28
4.227	-0.23	0.29
4.228	-0.22	0.29
4.229	-0.19	0.29
4.23	-0.19	0.29
4.231	-0.18	0.29
4.232	-0.17	0.29
4.233	-0.17	0.29
4.234	-0.16	0.30
4.235	-0.17	0.30
4.236	-0.19	0.30
4.237	-0.19	0.29
4.238	-0.21	0.29
4.239	-0.22	0.29
4.24	-0.23	0.29
4.241	-0.22	0.30
4.242	-0.21	0.31
4.243	-0.19	0.31
4.244	-0.19	0.32
4.245	-0.20	0.33
4.246	-0.16	0.33
4.247	-0.13	0.32
4.248	-0.11	0.32
4.249	-0.08	0.31
4.25	-0.05	0.30
4.251	-0.06	0.32
4.252	-0.06	0.34
4.253	-0.06	0.35
4.254	-0.08	0.36
4.255	-0.06	0.39
4.256	-0.07	0.37
4.257	-0.06	0.34
4.258	-0.11	0.33
4.259	-0.13	0.31
4.26	-0.17	0.29
4.261	-0.16	0.30
4.262	-0.16	0.31
4.263	-0.14	0.31
4.264	-0.13	0.31
4.265	-0.11	0.32
4.266	-0.14	0.31
4.267	-0.19	0.30
4.268	-0.23	0.30
4.269	-0.28	0.29
4.27	-0.31	0.29
4.271	-0.30	0.30
4.272	-0.28	0.32
4.273	-0.26	0.33
4.274	-0.23	0.35
4.275	-0.21	0.38
4.276	-0.20	0.36
4.277	-0.18	0.35
4.278	-0.17	0.33
4.279	-0.17	0.32
4.28	-0.13	0.30
4.281	-0.14	0.30
4.282	-0.14	0.31
4.283	-0.15	0.31
4.284	-0.16	0.31
4.285	-0.17	0.31
4.286	-0.19	0.31
4.287	-0.18	0.31
4.288	-0.16	0.31
4.289	-0.16	0.31
4.29	-0.14	0.30
4.291	-0.17	0.30
4.292	-0.18	0.30
4.293	-0.20	0.29
4.294	-0.20	0.29
4.295	-0.23	0.28
4.296	-0.19	0.29
4.297	-0.17	0.29
4.298	-0.15	0.29
4.299	-0.16	0.29
4.3	-0.12	0.30
4.301	-0.18	0.29
4.302	-0.16	0.29
4.303	-0.19	0.29
4.304	-0.20	0.30
4.305	-0.22	0.30
4.306	-0.23	0.31
4.307	-0.24	0.31
4.308	-0.26	0.32
4.309	-0.27	0.32
4.31	-0.28	0.33
4.311	-0.26	0.33
4.312	-0.25	0.33
4.313	-0.25	0.33
4.314	-0.24	0.33
4.315	-0.21	0.33
4.316	-0.25	0.32
4.317	-0.27	0.32
4.318	-0.29	0.32
4.319	-0.31	0.32
4.32	-0.35	0.31
4.321	-0.35	0.31
4.322	-0.37	0.31
4.323	-0.36	0.31
4.324	-0.35	0.31
4.325	-0.35	0.31
4.326	-0.34	0.31
4.327	-0.33	0.31
4.328	-0.32	0.31
4.329	-0.31	0.31
4.33	-0.29	0.31
4.331	-0.30	0.31
4.332	-0.31	0.31
4.333	-0.30	0.32
4.334	-0.33	0.32
4.335	-0.33	0.31
4.336	-0.33	0.31
4.337	-0.32	0.31
4.338	-0.34	0.30
4.339	-0.30	0.29
4.34	-0.31	0.29
4.341	-0.30	0.29
4.342	-0.29	0.29
4.343	-0.30	0.29
4.344	-0.33	0.28
4.345	-0.29	0.29
4.346	-0.31	0.29
4.347	-0.33	0.30
4.348	-0.34	0.30
4.349	-0.35	0.31
4.35	-0.36	0.31
4.351	-0.33	0.30
4.352	-0.30	0.29
4.353	-0.27	0.29
4.354	-0.24	0.28
4.355	-0.22	0.28
4.356	-0.16	0.28
4.357	-0.17	0.28
4.358	-0.14	0.28
4.359	-0.11	0.28
4.36	-0.10	0.27
4.361	-0.11	0.27
4.362	-0.10	0.28
4.363	-0.10	0.28
4.364	-0.11	0.28
4.365	-0.12	0.28
4.366	-0.14	0.28
4.367	-0.17	0.27
4.368	-0.19	0.27
4.369	-0.21	0.27
4.37	-0.24	0.27
4.371	-0.25	0.27
4.372	-0.26	0.27
4.373	-0.26	0.27
4.374	-0.27	0.27
4.375	-0.29	0.27
4.376	-0.28	0.27
4.377	-0.27	0.28
4.378	-0.25	0.28
4.379	-0.23	0.28
4.38	-0.19	0.29
4.381	-0.22	0.29
4.382	-0.25	0.30
4.383	-0.29	0.30
4.384	-0.32	0.31
4.385	-0.36	0.31
4.386	-0.32	0.30
4.387	-0.29	0.29
4.388	-0.25	0.29
4.389	-0.22	0.28
4.39	-0.19	0.27
4.391	-0.18	0.27
4.392	-0.18	0.27
4.393	-0.20	0.27
4.394	-0.19	0.27
4.395	-0.19	0.27
4.396	-0.21	0.27
4.397	-0.24	0.27
4.398	-0.26	0.27
4.399	-0.28	0.27
4.4	-0.31	0.27
4.401	-0.26	0.28
4.402	-0.30	0.28
4.403	-0.30	0.28
4.404	-0.27	0.28
4.405	-0.28	0.28
4.406	-0.28	0.28
4.407	-0.29	0.28
4.408	-0.28	0.28
4.409	-0.28	0.29
4.41	-0.29	0.29
4.411	-0.22	0.29
4.412	-0.20	0.30
4.413	-0.16	0.31
4.414	-0.12	0.31
4.415	-0.08	0.32
4.416	-0.12	0.32
4.417	-0.17	0.31
4.418	-0.22	0.31
4.419	-0.26	0.31
4.42	-0.29	0.30
4.421	-0.32	0.30
4.422	-0.34	0.30
4.423	-0.36	0.30
4.424	-0.35	0.29
4.425	-0.35	0.30
4.426	-0.38	0.29
4.427	-0.36	0.28
4.428	-0.33	0.28
4.429	-0.31	0.28
4.43	-0.30	0.28
4.431	-0.31	0.29
4.432	-0.30	0.30
4.433	-0.29	0.32
4.434	-0.30	0.34
4.435	-0.29	0.37
4.436	-0.26	0.34
4.437	-0.23	0.32
4.438	-0.20	0.30
4.439	-0.17	0.28
4.44	-0.15	0.27
4.441	-0.16	0.28
4.442	-0.20	0.29
4.443	-0.25	0.30
4.444	-0.26	0.32
4.445	-0.29	0.33
4.446	-0.23	0.33
4.447	-0.26	0.32
4.448	-0.25	0.31
4.449	-0.24	0.31
4.45	-0.24	0.30
4.451	-0.26	0.30
4.452	-0.29	0.31
4.453	-0.30	0.31
4.454	-0.33	0.32
4.455	-0.35	0.32
4.456	-0.34	0.32
4.457	-0.35	0.32
4.458	-0.36	0.31
4.459	-0.37	0.31
4.46	-0.37	0.31
4.461	-0.36	0.30
4.462	-0.36	0.30
4.463	-0.36	0.30
4.464	-0.35	0.29
4.465	-0.34	0.29
4.466	-0.34	0.29
4.467	-0.34	0.28
4.468	-0.34	0.28
4.469	-0.29	0.29
4.47	-0.34	0.28
4.471	-0.29	0.29
4.472	-0.27	0.29
4.473	-0.25	0.29
4.474	-0.23	0.29
4.475	-0.21	0.30
4.476	-0.22	0.30
4.477	-0.22	0.30
4.478	-0.23	0.31
4.479	-0.23	0.31
4.48	-0.25	0.31
4.481	-0.25	0.31
4.482	-0.25	0.30
4.483	-0.25	0.30
4.484	-0.25	0.29
4.485	-0.25	0.29
4.486	-0.22	0.29
4.487	-0.18	0.28
4.488	-0.15	0.28
4.489	-0.11	0.28
4.49	-0.07	0.28
4.491	-0.07	0.28
4.492	-0.04	0.28
4.493	-0.07	0.27
4.494	-0.01	0.27
4.495	0.01	0.28
4.496	-0.03	0.28
4.497	-0.06	0.28
4.498	-0.10	0.28
4.499	-0.13	0.28
4.5	-0.16	0.28
4.501	-0.17	0.28
4.502	-0.17	0.29
4.503	-0.18	0.29
4.504	-0.18	0.29
4.505	-0.19	0.29
4.506	-0.21	0.29
4.507	-0.24	0.29
4.508	-0.19	0.29
4.509	-0.27	0.28
4.51	-0.32	0.28
4.511	-0.33	0.28
4.512	-0.24	0.30
4.513	-0.29	0.29
4.514	-0.27	0.29
4.515	-0.29	0.28
4.516	-0.28	0.29
4.517	-0.30	0.29
4.518	-0.32	0.29
4.519	-0.34	0.30
4.52	-0.35	0.30
4.521	-0.35	0.30
4.522	-0.36	0.29
4.523	-0.34	0.28
4.524	-0.33	0.29
4.525	-0.32	0.29
4.526	-0.30	0.29
4.527	-0.28	0.29
4.528	-0.28	0.30
4.529	-0.26	0.29
4.53	-0.24	0.30
4.531	-0.24	0.31
4.532	-0.25	0.32
4.533	-0.24	0.34
4.534	-0.17	0.37
4.535	-0.23	0.38
4.536	-0.25	0.37
4.537	-0.28	0.35
4.538	-0.30	0.34
4.539	-0.33	0.32
4.54	-0.33	0.31
4.541	-0.33	0.30
4.542	-0.33	0.29
4.543	-0.32	0.28
4.544	-0.32	0.28
4.545	-0.32	0.27
4.546	-0.30	0.28
4.547	-0.29	0.28
4.548	-0.28	0.29
4.549	-0.27	0.30
4.55	-0.26	0.31
4.551	-0.26	0.30
4.552	-0.26	0.29
4.553	-0.26	0.29
4.554	-0.26	0.28
4.555	-0.26	0.28
4.556	-0.23	0.28
4.557	-0.18	0.29
4.558	-0.18	0.30
4.559	-0.16	0.30
4.56	-0.13	0.31
4.561	-0.11	0.32
4.562	-0.11	0.33
4.563	-0.12	0.33
4.564	-0.10	0.34
4.565	-0.11	0.34
4.566	-0.09	0.35
4.567	-0.11	0.35
4.568	-0.12	0.35
4.569	-0.14	0.35
4.57	-0.15	0.35
4.571	-0.12	0.34
4.572	-0.10	0.33
4.573	-0.07	0.32
4.574	-0.02	0.31
4.575	-0.01	0.30
4.576	-0.05	0.30
4.577	-0.07	0.29
4.578	-0.09	0.29
4.579	-0.06	0.29
4.58	-0.15	0.28
4.581	-0.13	0.28
4.582	-0.13	0.28
4.583	-0.12	0.28
4.584	-0.12	0.28
4.585	-0.13	0.29
4.586	-0.14	0.29
4.587	-0.18	0.30
4.588	-0.20	0.31
4.589	-0.23	0.32
4.59	-0.23	0.32
4.591	-0.22	0.31
4.592	-0.23	0.31
4.593	-0.26	0.29
4.594	-0.24	0.29
4.595	-0.25	0.29
4.596	-0.27	0.29
4.597	-0.28	0.29
4.598	-0.28	0.30
4.599	-0.27	0.30
4.6	-0.28	0.29
4.601	-0.24	0.29
4.602	-0.17	0.30
4.603	-0.17	0.28
4.604	-0.16	0.28
4.605	-0.14	0.28
4.606	-0.11	0.28
4.607	-0.11	0.28
4.608	-0.09	0.29
4.609	-0.06	0.30
4.61	-0.04	0.31
4.611	-0.05	0.31
4.612	-0.06	0.32
4.613	-0.06	0.32
4.614	-0.05	0.32
4.615	-0.09	0.32
4.616	-0.13	0.32
4.617	-0.17	0.33
4.618	-0.21	0.34
4.619	-0.25	0.35
4.62	-0.29	0.36
4.621	-0.26	0.35
4.622	-0.25	0.34
4.623	-0.21	0.32
4.624	-0.13	0.32
4.625	-0.13	0.31
4.626	-0.13	0.30
4.627	-0.11	0.31
4.628	-0.08	0.31
4.629	-0.10	0.30
4.63	-0.04	0.32
4.631	-0.07	0.31
4.632	-0.09	0.31
4.633	-0.12	0.31
4.634	-0.15	0.30
4.635	-0.19	0.30
4.636	-0.20	0.30
4.637	-0.21	0.30
4.638	-0.22	0.30
4.639	-0.24	0.30
4.64	-0.25	0.29
4.641	-0.27	0.29
4.642	-0.28	0.30
4.643	-0.30	0.29
4.644	-0.32	0.29
4.645	-0.33	0.28
4.646	-0.28	0.30
4.647	-0.18	0.32
4.648	-0.18	0.32
4.649	-0.12	0.33
4.65	-0.07	0.34
4.651	-0.07	0.33
4.652	-0.08	0.33
4.653	-0.09	0.32
4.654	-0.09	0.32
4.655	-0.10	0.31
4.656	-0.13	0.31
4.657	-0.15	0.31
4.658	-0.19	0.30
4.659	-0.21	0.30
4.66	-0.23	0.30
4.661	-0.29	0.30
4.662	-0.27	0.31
4.663	-0.29	0.33
4.664	-0.31	0.33
4.665	-0.33	0.34
4.666	-0.31	0.34
4.667	-0.30	0.33
4.668	-0.28	0.32
4.669	-0.26	0.32
4.67	-0.23	0.30
4.671	-0.24	0.31
4.672	-0.25	0.32
4.673	-0.25	0.33
4.674	-0.22	0.34
4.675	-0.26	0.34
4.676	-0.23	0.33
4.677	-0.18	0.33
4.678	-0.17	0.32
4.679	-0.14	0.31
4.68	-0.11	0.31
4.681	-0.09	0.31
4.682	-0.08	0.31
4.683	-0.07	0.30
4.684	-0.04	0.30
4.685	-0.01	0.30
4.686	-0.02	0.30
4.687	-0.02	0.31
4.688	-0.02	0.31
4.689	-0.04	0.31
4.69	-0.03	0.32
4.691	-0.06	0.31
4.692	-0.07	0.30
4.693	-0.07	0.30
4.694	-0.07	0.29
4.695	-0.07	0.29
4.696	-0.11	0.29
4.697	-0.15	0.29
4.698	-0.21	0.29
4.699	-0.21	0.29
4.7	-0.23	0.29
4.701	-0.23	0.29
4.702	-0.21	0.28
4.703	-0.22	0.28
4.704	-0.21	0.27
4.705	-0.21	0.27
4.706	-0.21	0.28
4.707	-0.22	0.28
4.708	-0.22	0.28
4.709	-0.22	0.29
4.71	-0.23	0.29
4.711	-0.23	0.29
4.712	-0.20	0.30
4.713	-0.23	0.31
4.714	-0.23	0.32
4.715	-0.22	0.33
4.716	-0.27	0.32
4.717	-0.28	0.31
4.718	-0.29	0.31
4.719	-0.30	0.30
4.72	-0.30	0.29
4.721	-0.24	0.29
4.722	-0.18	0.29
4.723	-0.12	0.29
4.724	-0.06	0.28
4.725	0.00	0.28
4.726	-0.01	0.29
4.727	-0.01	0.31
4.728	-0.02	0.32
4.729	-0.02	0.34
4.73	-0.02	0.36
4.731	-0.04	0.37
4.732	-0.05	0.37
4.733	-0.08	0.38
4.734	-0.10	0.38
4.735	-0.10	0.38
4.736	-0.13	0.35
4.737	-0.15	0.33
4.738	-0.16	0.31
4.739	-0.11	0.29
4.74	-0.16	0.27
4.741	-0.19	0.28
4.742	-0.19	0.29
4.743	-0.22	0.30
4.744	-0.23	0.31
4.745	-0.24	0.32
4.746	-0.23	0.31
4.747	-0.21	0.30
4.748	-0.20	0.29
4.749	-0.20	0.29
4.75	-0.21	0.28
4.751	-0.24	0.28
4.752	-0.25	0.28
4.753	-0.26	0.27
4.754	-0.27	0.27
4.755	-0.30	0.27
4.756	-0.33	0.28
4.757	-0.29	0.29
4.758	-0.39	0.29
4.759	-0.41	0.30
4.76	-0.42	0.31
4.761	-0.38	0.30
4.762	-0.34	0.30
4.763	-0.29	0.29
4.764	-0.25	0.29
4.765	-0.21	0.28
4.766	-0.17	0.28
4.767	-0.13	0.28
4.768	-0.08	0.28
4.769	-0.04	0.28
4.77	-0.01	0.28
4.771	-0.01	0.28
4.772	-0.01	0.28
4.773	-0.01	0.28
4.774	-0.01	0.28
4.775	-0.01	0.28
4.776	-0.05	0.28
4.777	-0.10	0.28
4.778	-0.13	0.28
4.779	-0.17	0.28
4.78	-0.17	0.29
4.781	-0.23	0.28
4.782	-0.26	0.29
4.783	-0.29	0.29
4.784	-0.32	0.29
4.785	-0.35	0.29
4.786	-0.33	0.29
4.787	-0.32	0.29
4.788	-0.31	0.29
4.789	-0.30	0.29
4.79	-0.29	0.29
4.791	-0.30	0.29
4.792	-0.30	0.29
4.793	-0.30	0.29
4.794	-0.30	0.29
4.795	-0.30	0.30
4.796	-0.30	0.30
4.797	-0.31	0.29
4.798	-0.32	0.29
4.799	-0.31	0.29
4.8	-0.40	0.29
4.801	-0.34	0.29
4.802	-0.35	0.30
4.803	-0.35	0.31
4.804	-0.31	0.31
4.805	-0.26	0.33
4.806	-0.27	0.32
4.807	-0.23	0.31
4.808	-0.19	0.31
4.809	-0.10	0.32
4.81	-0.07	0.31
4.811	-0.08	0.31
4.812	-0.09	0.30
4.813	-0.10	0.30
4.814	-0.11	0.30
4.815	-0.10	0.30
4.816	-0.14	0.29
4.817	-0.15	0.29
4.818	-0.19	0.29
4.819	-0.22	0.29
4.82	-0.25	0.28
4.821	-0.25	0.29
4.822	-0.25	0.29
4.823	-0.27	0.30
4.824	-0.26	0.31
4.825	-0.28	0.33
4.826	-0.31	0.32
4.827	-0.34	0.31
4.828	-0.37	0.31
4.829	-0.39	0.30
4.83	-0.42	0.29
4.831	-0.36	0.29
4.832	-0.33	0.29
4.833	-0.28	0.29
4.834	-0.24	0.28
4.835	-0.19	0.29
4.836	-0.18	0.30
4.837	-0.17	0.30
4.838	-0.15	0.31
4.839	-0.14	0.32
4.84	-0.12	0.34
4.841	-0.09	0.34
4.842	-0.04	0.34
4.843	-0.01	0.34
4.844	0.03	0.33
4.845	0.06	0.33
4.846	0.04	0.33
4.847	0.02	0.33
4.848	0.00	0.33
4.849	-0.02	0.33
4.85	-0.04	0.33
4.851	0.00	0.33
4.852	-0.05	0.32
4.853	-0.06	0.32
4.854	-0.07	0.32
4.855	-0.08	0.32
4.856	-0.13	0.32
4.857	-0.17	0.32
4.858	-0.22	0.33
4.859	-0.27	0.33
4.86	-0.32	0.33
4.861	-0.31	0.32
4.862	-0.31	0.30
4.863	-0.29	0.30
4.864	-0.27	0.29
4.865	-0.30	0.29
4.866	-0.31	0.29
4.867	-0.29	0.30
4.868	-0.30	0.30
4.869	-0.31	0.31
4.87	-0.36	0.30
4.871	-0.35	0.31
4.872	-0.36	0.31
4.873	-0.37	0.31
4.874	-0.38	0.31
4.875	-0.39	0.31
4.876	-0.37	0.31
4.877	-0.35	0.31
4.878	-0.33	0.31
4.879	-0.31	0.30
4.88	-0.29	0.30
4.881	-0.25	0.29
4.882	-0.20	0.29
4.883	-0.15	0.29
4.884	-0.15	0.28
4.885	-0.07	0.29
4.886	-0.02	0.29
4.887	0.03	0.29
4.888	0.07	0.29
4.889	0.12	0.29
4.89	0.16	0.30
4.891	0.13	0.31
4.892	0.11	0.32
4.893	0.07	0.33
4.894	0.06	0.33
4.895	0.05	0.33
4.896	0.05	0.32
4.897	0.03	0.32
4.898	0.02	0.31
4.899	0.02	0.31
4.9	0.01	0.30
4.901	-0.03	0.30
4.902	-0.08	0.30
4.903	-0.13	0.29
4.904	-0.17	0.29
4.905	-0.22	0.29
4.906	-0.24	0.29
4.907	-0.26	0.30
4.908	-0.29	0.30
4.909	-0.31	0.31
4.91	-0.33	0.32
4.911	-0.32	0.32
4.912	-0.32	0.31
4.913	-0.31	0.30
4.914	-0.30	0.31
4.915	-0.29	0.31
4.916	-0.29	0.31
4.917	-0.29	0.31
4.918	-0.32	0.30
4.919	-0.28	0.31
4.92	-0.29	0.30
4.921	-0.28	0.32
4.922	-0.29	0.31
4.923	-0.29	0.31
4.924	-0.31	0.31
4.925	-0.30	0.31
4.926	-0.30	0.31
4.927	-0.30	0.32
4.928	-0.34	0.31
4.929	-0.31	0.33
4.93	-0.31	0.33
4.931	-0.29	0.33
4.932	-0.27	0.32
4.933	-0.25	0.32
4.934	-0.25	0.31
4.935	-0.19	0.31
4.936	-0.18	0.31
4.937	-0.15	0.30
4.938	-0.13	0.30
4.939	-0.10	0.30
4.94	-0.09	0.29
4.941	-0.09	0.29
4.942	-0.10	0.30
4.943	-0.12	0.29
4.944	-0.12	0.30
4.945	-0.17	0.29
4.946	-0.16	0.30
4.947	-0.19	0.30
4.948	-0.23	0.30
4.949	-0.26	0.30
4.95	-0.29	0.29
4.951	-0.29	0.30
4.952	-0.34	0.32
4.953	-0.36	0.34
4.954	-0.39	0.35
4.955	-0.41	0.38
4.956	-0.37	0.36
4.957	-0.33	0.34
4.958	-0.28	0.32
4.959	-0.25	0.31
4.96	-0.22	0.29
4.961	-0.23	0.31
4.962	-0.28	0.32
4.963	-0.32	0.33
4.964	-0.35	0.34
4.965	-0.38	0.35
4.966	-0.36	0.35
4.967	-0.33	0.35
4.968	-0.30	0.35
4.969	-0.28	0.34
4.97	-0.24	0.34
4.971	-0.31	0.32
4.972	-0.30	0.32
4.973	-0.33	0.31
4.974	-0.36	0.31
4.975	-0.39	0.30
4.976	-0.36	0.30
4.977	-0.33	0.31
4.978	-0.32	0.31
4.979	-0.26	0.32
4.98	-0.23	0.32
4.981	-0.23	0.32
4.982	-0.24	0.31
4.983	-0.25	0.31
4.984	-0.25	0.31
4.985	-0.25	0.30
4.986	-0.28	0.30
4.987	-0.30	0.30
4.988	-0.32	0.30
4.989	-0.34	0.30
4.99	-0.36	0.29
4.991	-0.31	0.30
4.992	-0.28	0.30
4.993	-0.24	0.29
4.994	-0.21	0.29
4.995	-0.19	0.29
4.996	-0.19	0.29
4.997	-0.18	0.29
4.998	-0.19	0.29
4.999	-0.20	0.30
5	-0.21	0.29

