Age	Sealevel
0.000	2
0.001	6
0.002	1
0.003	4
0.004	1
0.005	-8
0.006	-6
0.007	-20
0.008	-31
0.009	-39
0.010	-44
0.011	-69
0.012	-58
0.013	-75
0.014	-74
0.015	-95
0.016	-111
0.017	-112
0.018	-123
0.019	-139
0.020	-135
0.021	-137
0.022	-132
0.023	-131
0.024	-120
0.025	-121
0.026	-116
0.027	-108
0.028	-120
0.029	-103
0.030	-110
0.031	-103
0.032	-105
0.033	-111
0.034	-102
0.035	-103
0.036	-93
0.037	-88
0.038	-69
0.039	-80
0.040	-80
0.041	-72
0.042	-78
0.043	-83
0.044	-86
0.045	-89
0.046	-70
0.047	-69
0.048	-80
0.049	-95
0.050	-77
0.051	-93
0.052	-83
0.053	-77
0.054	-82
0.055	-52
0.056	-74
0.057	-69
0.058	-55
0.059	-58
0.060	-66
0.061	-72
0.062	-52
0.063	-52
0.064	-61
0.065	-87
0.066	-70
0.067	-94
0.068	-85
0.069	-84
0.070	-86
0.071	-104
0.072	-101
0.073	-112
0.074	-93
0.075	-84
0.076	-90
0.077	-88
0.078	-90
0.079	-90
0.080	-86
0.081	-67
0.082	-77
0.083	-84
0.084	-77
0.085	-85
0.086	-94
0.087	-86
0.088	-92
0.089	-106
0.090	-102
0.091	-91
0.092	-87
0.093	-94
0.094	-57
0.095	-87
0.096	-76
0.097	-77
0.098	-60
0.099	-61
0.100	-70
0.101	-86
0.102	-99
0.103	-76
0.104	-91
0.105	-77
0.106	-69
0.107	-74
0.108	-53
0.109	-83
0.110	-86
0.111	-92
0.112	-80
0.113	-91
0.114	-79
0.115	-35
0.116	-28
0.117	-42
0.118	-54
0.119	1
0.120	1
0.121	-5
0.122	-2
0.123	5
0.124	-32
0.125	4
0.126	-1
0.127	-31
0.128	-59
0.129	-63
0.130	-79
0.131	-63
0.132	-112
0.133	-95
0.134	-123
0.135	-151
0.136	-138
0.137	-156
0.138	-158
0.139	-153
0.140	-146
0.141	-151
0.142	-139
0.143	-151
0.144	-139
0.145	-128
0.146	-137
0.147	-129
0.148	-122
0.149	-115
0.150	-117
0.151	-127
0.152	-121
0.153	-103
0.154	-107
0.155	-69
0.156	-111
0.157	-110
0.158	-96
0.159	-102
0.160	-127
0.161	-134
0.162	-123
0.163	-117
0.164	-113
0.165	-104
0.166	-96
0.167	-95
0.168	-92
0.169	-91
0.170	-97
0.171	-102
0.172	-93
0.173	-91
0.174	-99
0.175	-66
0.176	-90
0.177	-97
0.178	-86
0.179	-95
0.180	-100
0.181	-100
0.182	-88
0.183	-76
0.184	-110
0.185	-119
0.186	-114
0.187	-115
0.188	-117
0.189	-106
0.190	-92
0.191	-81
0.192	-61
0.193	-83
0.194	-59
0.195	-47
0.196	-52
0.197	-39
0.198	-63
0.199	-28
0.200	-19
0.201	-6
0.202	-13
0.203	-29
0.204	-46
0.205	-47
0.206	-44
0.207	-54
0.208	-59
0.209	-45
0.210	-30
0.211	-31
0.212	-59
0.213	-37
0.214	-24
0.215	-20
0.216	-42
0.217	-18
0.218	-33
0.219	-44
0.220	-41
0.221	-79
0.222	-123
0.223	-115
0.224	-109
0.225	-101
0.226	-77
0.227	-75
0.228	-102
0.229	-45
0.230	-95
0.231	-86
0.232	-76
0.233	-38
0.234	-48
0.235	-12
0.236	-11
0.237	2
0.238	6
0.239	6
0.240	-28
0.241	-25
0.242	-3
0.243	-25
0.244	-66
0.245	-108
0.246	-109
0.247	-89
0.248	-91
0.249	-91
0.250	-97
0.251	-109
0.252	-118
0.253	-91
0.254	-106
0.255	-73
0.256	-99
0.257	-101
0.258	-99
0.259	-95
0.260	-91
0.261	-88
0.262	-79
0.263	-86
0.264	-75
0.265	-91
0.266	-87
0.267	-83
0.268	-44
0.269	-75
0.270	-93
0.271	-93
0.272	-70
0.273	-32
0.274	-76
0.275	-76
0.276	-49
0.277	-79
0.278	-79
0.279	-66
0.280	-47
0.281	-44
0.282	-38
0.283	-36
0.284	-34
0.285	-28
0.286	-28
0.287	-31
0.288	-29
0.289	-58
0.290	-70
0.291	-67
0.292	-74
0.293	-81
0.294	-75
0.295	-85
0.296	-73
0.297	-77
0.298	-61
0.299	-72
0.300	-63
0.301	-60
0.302	-44
0.303	-37
0.304	-37
0.305	-47
0.306	-63
0.307	-50
0.308	-55
0.309	-54
0.310	-44
0.311	-40
0.312	-24
0.313	-22
0.314	-30
0.315	-7
0.316	-31
0.317	-32
0.318	-18
0.319	-8
0.320	-43
0.321	-17
0.322	-13
0.323	1
0.324	10
0.325	6
0.326	7
0.327	9
0.328	9
0.329	10
0.330	-8
0.331	2
0.332	-88
0.333	9
0.334	1
0.335	-44
0.336	-62
0.337	-53
0.338	-68
0.339	-68
0.340	-108
0.341	-145
0.342	-105
0.343	-125
0.344	-128
0.345	-106
0.346	-112
0.347	-102
0.348	-84
0.349	-118
0.350	-104
0.351	-96
0.352	-84
0.353	-94
0.354	-86
0.355	-80
0.356	-80
0.357	-68
0.358	-76
0.359	-53
0.360	-79
0.361	-75
0.362	-69
0.363	-58
0.364	-71
0.365	-62
0.366	-60
0.367	-75
0.368	-43
0.369	-61
0.370	-49
0.371	-55
0.372	-55
0.373	-34
0.374	-35
0.375	-30
0.376	-43
0.377	-48
0.378	-32
0.379	-53
0.380	-59
0.381	-71
0.382	-50
0.383	-62
0.384	-58
0.385	-36
0.386	-28
0.387	-39
0.388	-64
0.389	-44
0.390	-30
0.391	-38
0.392	-35
0.393	-35
0.394	-35
0.395	-23
0.396	-38
0.397	4
0.398	-12
0.399	8
0.400	5
0.401	7
0.402	10
0.403	4
0.404	0
0.405	7
0.406	8
0.407	7
0.408	-23
0.409	4
0.410	7
0.411	-6
0.412	2
0.413	-6
0.414	-22
0.415	-28
0.416	-44
0.417	-30
0.418	-28
0.419	-37
0.420	-25
0.421	-46
0.422	-29
0.423	-8
0.424	4
0.425	-51
0.426	-98
0.427	3
0.428	-77
0.429	-124
0.430	-131
0.431	-146
0.432	-148
0.433	-127
0.434	-147
0.435	-139
0.436	-131
0.437	-113
0.438	-117
0.439	-129
0.440	-108
0.441	-118
0.442	-118
0.443	-112
0.444	-92
0.445	-85
0.446	-94
0.447	-62
0.448	-87
0.449	-86
0.450	-87
0.451	-69
0.452	-75
0.453	-61
0.454	-74
0.455	-51
0.456	-42
0.457	-67
0.458	-62
0.459	-49
0.460	-55
0.461	-51
0.462	-34
0.463	-50
0.464	-21
0.465	-46
0.466	-43
0.467	-47
0.468	-42
0.469	-44
0.470	-29
0.471	-18
0.472	-34
0.473	-28
0.474	-45
0.475	-60
0.476	-64
0.477	-50
0.478	-67
0.479	-57
0.480	-47
0.481	-49
0.482	-41
0.483	-40
0.484	-19
0.485	-40
0.486	-31
0.487	-17
0.488	-4
0.489	0
0.490	-8
0.491	-4
0.492	1
0.493	3
0.494	-29
0.495	-9
0.496	3
0.497	-9
0.498	-58
0.499	-26
0.500	-25
0.501	-35
0.502	-28
0.503	-22
0.504	-26
0.505	-25
0.506	-25
0.507	-35
0.508	-21
0.509	-35
0.510	-43
0.511	-62
0.512	-76
0.513	-70
0.514	-63
0.515	-70
0.516	-63
0.517	-56
0.518	-54
0.519	-38
0.520	-40
0.521	-30
0.522	-30
0.523	-27
0.524	5
0.525	-6
0.526	-16
0.527	-36
0.528	-21
0.529	-28
0.530	-23
0.531	-17
0.532	-40
0.533	-30
0.534	-42
0.535	-66
0.536	-90
0.537	-45
0.538	-98
0.539	-78
0.540	-72
0.541	-97
0.542	-54
0.543	-98
0.544	-70
0.545	-89
0.546	-98
0.547	-93
0.548	-93
0.549	-90
0.550	-98
0.551	-78
0.552	-103
0.553	-83
0.554	-85
0.555	-77
0.556	-76
0.557	-79
0.558	-84
0.559	-70
0.560	-72
0.561	-65
0.562	-54
0.563	-77
0.564	-59
0.565	-41
0.566	-29
0.567	-55
0.568	-59
0.569	-92
0.570	-48
0.571	-41
0.572	-5
0.573	-18
0.574	-12
0.575	5
0.576	-4
0.577	6
0.578	3
0.579	9
0.580	-35
0.581	-35
0.582	-63
0.583	-109
0.584	-95
0.585	-134
0.586	-103
0.587	-72
0.588	-86
0.589	-91
0.590	-109
0.591	-60
0.592	-86
0.593	-78
0.594	-70
0.595	-66
0.596	-70
0.597	-67
0.598	-55
0.599	-98
0.600	-89
0.601	-84
0.602	-74
0.603	-68
0.604	-60
0.605	-65
0.606	-69
0.607	-64
0.608	-55
0.609	-33
0.610	-14
0.611	-1
0.612	5
0.613	-3
0.614	-14
0.615	-10
0.616	-4
0.617	-30
0.618	-60
0.619	-64
0.620	-69
0.621	-72
0.622	-73
0.623	-89
0.624	-102
0.625	-128
0.626	-155
0.627	-161
0.628	-166
0.629	-171
0.630	-177
0.631	-164
0.632	-151
0.633	-149
0.634	-144
0.635	-153
0.636	-162
0.637	-153
0.638	-150
0.639	-152
0.640	-155
0.641	-148
0.642	-140
0.643	-144
0.644	-144
0.645	-143
0.646	-130
0.647	-135
0.648	-142
0.649	-139
0.650	-135
0.651	-137
0.652	-132
0.653	-132
0.654	-131
0.655	-121
0.656	-112
0.657	-121
0.658	-126
0.659	-118
0.660	-111
0.661	-114
0.662	-118
0.663	-106
0.664	-97
0.665	-103
0.666	-109
0.667	-110
0.668	-113
0.669	-106
0.670	-101
0.671	-105
0.672	-109
0.673	-96
0.674	-89
0.675	-98
0.676	-102
0.677	-101
0.678	-97
0.679	-88
0.680	-78
0.681	-73
0.682	-71
0.683	-65
0.684	-52
0.685	-60
0.686	-72
0.687	-67
0.688	-63
0.689	-70
0.690	-62
0.691	-42
0.692	-27
0.693	-45
0.694	-39
0.695	-25
0.696	-9
0.697	-9
0.698	-13
0.699	-14
0.700	-16
0.701	-31
0.702	-48
0.703	-38
0.704	-37
0.705	-49
0.706	-58
0.707	-68
0.708	-73
0.709	-74
0.710	-74
0.711	-78
0.712	-78
0.713	-75
0.714	-73
0.715	-73
0.716	-89
0.717	-106
0.718	-122
0.719	-117
0.720	-114
0.721	-120
0.722	-126
0.723	-125
0.724	-122
0.725	-110
0.726	-94
0.727	-82
0.728	-71
0.729	-59
0.730	-48
0.731	-51
0.732	-51
0.733	-55
0.734	-63
0.735	-66
0.736	-71
0.737	-79
0.738	-85
0.739	-81
0.740	-76
0.741	-75
0.742	-75
0.743	-103
0.744	-128
0.745	-127
0.746	-124
0.747	-120
0.748	-119
0.749	-121
0.750	-122
0.751	-119
0.752	-114
0.753	-108
0.754	-105
0.755	-104
0.756	-109
0.757	-99
0.758	-95
0.759	-84
0.760	-82
0.761	-67
0.762	-50
0.763	-69
0.764	-92
0.765	-74
0.766	-59
0.767	-59
0.768	-59
0.769	-51
0.770	-44
0.771	-28
0.772	-14
0.773	-18
0.774	-23
0.775	-20
0.776	-19
0.777	-29
0.778	-43
0.779	-19
0.780	-5
0.781	-10
0.782	-12
0.783	-9
0.784	-1
0.785	1
0.786	2
0.787	-1
0.788	-7
0.789	-28
0.790	-48
0.791	-51
0.792	-58
0.793	-74
0.794	-86
0.795	-96
0.796	-106
0.797	-112
0.798	-123
0.799	-110
0.800	-103
0.801	-90
0.802	-88
0.803	-84
0.804	-81
0.805	-72
0.806	-66
0.807	-68
0.808	-70
0.809	-58
0.810	-54
0.811	-67
0.812	-75
0.813	-41
0.814	-7
0.815	-23
0.816	-38
0.817	-31
0.818	-24
0.819	-27
0.820	-30
0.821	-40
0.822	-51
0.823	-43
0.824	-34
0.825	-55
0.826	-76
0.827	-63
0.828	-48
0.829	-53
0.830	-57
0.831	-48
0.832	-35
0.833	-38
0.834	-40
0.835	-43
0.836	-48
0.837	-50
0.838	-54
0.839	-51
0.840	-49
0.841	-49
0.842	-51
0.843	-52
0.844	-57
0.845	-47
0.846	-36
0.847	-29
0.848	-21
0.849	-5
0.850	5
0.851	-5
0.852	-30
0.853	-44
0.854	-57
0.855	-50
0.856	-39
0.857	-25
0.858	-7
0.859	-2
0.860	1
0.861	-2
0.862	-4
0.863	7
0.864	15
0.865	5
0.866	-16
0.867	-53
0.868	-93
0.869	-88
0.870	-87
0.871	-108
0.872	-129
0.873	-126
0.874	-121
0.875	-123
0.876	-122
0.877	-106
0.878	-91
0.879	-103
0.880	-118
0.881	-100
0.882	-90
0.883	-92
0.884	-93
0.885	-94
0.886	-98
0.887	-98
0.888	-92
0.889	-92
0.890	-90
0.891	-84
0.892	-74
0.893	-88
0.894	-102
0.895	-102
0.896	-100
0.897	-86
0.898	-72
0.899	-74
0.900	-74
0.901	-75
0.902	-74
0.903	-74
0.904	-72
0.905	-71
0.906	-71
0.907	-62
0.908	-55
0.909	-58
0.910	-62
0.911	-63
0.912	-61
0.913	-61
0.914	-64
0.915	-55
0.916	-46
0.917	-74
0.918	-105
0.919	-111
0.920	-118
0.921	-107
0.922	-98
0.923	-96
0.924	-96
0.925	-89
0.926	-80
0.927	-78
0.928	-78
0.929	-58
0.930	-40
0.931	-48
0.932	-57
0.933	-65
0.934	-71
0.935	-63
0.936	-54
0.937	-36
0.938	-18
0.939	-32
0.940	-41
0.941	-31
0.942	-22
0.943	-19
0.944	-13
0.945	-23
0.946	-32
0.947	-16
0.948	2
0.949	3
0.950	5
0.951	8
0.952	11
0.953	5
0.954	0
0.955	4
0.956	8
0.957	-3
0.958	-25
0.959	-73
0.960	-116
0.961	-122
0.962	-130
0.963	-141
0.964	-150
0.965	-132
0.966	-115
0.967	-120
0.968	-121
0.969	-108
0.970	-97
0.971	-80
0.972	-63
0.973	-69
0.974	-77
0.975	-66
0.976	-54
0.977	-46
0.978	-37
0.979	-35
0.980	-30
0.981	-44
0.982	-56
0.983	-71
0.984	-89
0.985	-99
0.986	-109
0.987	-102
0.988	-97
0.989	-96
0.990	-92
0.991	-81
0.992	-74
0.993	-73
0.994	-75
0.995	-70
0.996	-66
0.997	-65
0.998	-64
0.999	-65
1.000	-66
1.001	-77
1.002	-88
1.003	-111
1.004	-135
1.005	-128
1.006	-121
1.007	-116
1.008	-110
1.009	-103
1.010	-96
1.011	-96
1.012	-94
1.013	-84
1.014	-72
1.015	-57
1.016	-40
1.017	-48
1.018	-54
1.019	-61
1.020	-65
1.021	-61
1.022	-56
1.023	-62
1.024	-70
1.025	-73
1.026	-76
1.027	-71
1.028	-65
1.029	-65
1.030	-63
1.031	-78
1.032	-91
1.033	-103
1.034	-114
1.035	-125
1.036	-135
1.037	-142
1.038	-147
1.039	-129
1.040	-112
1.041	-125
1.042	-141
1.043	-141
1.044	-141
1.045	-137
1.046	-131
1.047	-127
1.048	-121
1.049	-122
1.050	-124
1.051	-124
1.052	-123
1.053	-118
1.054	-112
1.055	-116
1.056	-116
1.057	-110
1.058	-102
1.059	-90
1.060	-77
1.061	-74
1.062	-72
1.063	-62
1.064	-52
1.065	-45
1.066	-39
1.067	-24
1.068	-9
1.069	-11
1.070	-12
1.071	-3
1.072	2
1.073	-8
1.074	-19
1.075	-16
1.076	-11
1.077	-35
1.078	-60
1.079	-44
1.080	-27
1.081	-58
1.082	-86
1.083	-79
1.084	-73
1.085	-77
1.086	-76
1.087	-81
1.088	-85
1.089	-86
1.090	-86
1.091	-94
1.092	-101
1.093	-93
1.094	-86
1.095	-95
1.096	-105
1.097	-114
1.098	-126
1.099	-119
1.100	-117
1.101	-116
1.102	-113
1.103	-94
1.104	-77
1.105	-74
1.106	-72
1.107	-53
1.108	-37
1.109	-61
1.110	-91
1.111	-83
1.112	-76
1.113	-89
1.114	-103
1.115	-105
1.116	-106
1.117	-114
1.118	-123
1.119	-121
1.120	-121
1.121	-134
1.122	-146
1.123	-144
1.124	-144
1.125	-139
1.126	-135
1.127	-140
1.128	-145
1.129	-134
1.130	-123
1.131	-102
1.132	-78
1.133	-93
1.134	-111
1.135	-107
1.136	-93
1.137	-84
1.138	-73
1.139	-79
1.140	-85
1.141	-81
1.142	-72
1.143	-81
1.144	-89
1.145	-83
1.146	-79
1.147	-79
1.148	-79
1.149	-79
1.150	-78
1.151	-68
1.152	-54
1.153	-52
1.154	-53
1.155	-56
1.156	-60
1.157	-53
1.158	-46
1.159	-57
1.160	-66
1.161	-56
1.162	-48
1.163	-54
1.164	-58
1.165	-48
1.166	-38
1.167	-34
1.168	-31
1.169	-40
1.170	-48
1.171	-54
1.172	-60
1.173	-72
1.174	-83
1.175	-81
1.176	-79
1.177	-68
1.178	-56
1.179	-49
1.180	-42
1.181	-52
1.182	-60
1.183	-74
1.184	-85
1.185	-80
1.186	-74
1.187	-73
1.188	-72
1.189	-85
1.190	-98
1.191	-119
1.192	-142
1.193	-138
1.194	-137
1.195	-143
1.196	-150
1.197	-153
1.198	-153
1.199	-160
1.200	-167
1.201	-147
1.202	-125
1.203	-141
1.204	-157
1.205	-140
1.206	-123
1.207	-137
1.208	-150
1.209	-144
1.210	-135
1.211	-121
1.212	-107
1.213	-113
1.214	-122
1.215	-106
1.216	-92
1.217	-78
1.218	-67
1.219	-84
1.220	-100
1.221	-89
1.222	-80
1.223	-65
1.224	-49
1.225	-41
1.226	-33
1.227	-35
1.228	-35
1.229	-24
1.230	-11
1.231	-12
1.232	-8
1.233	-10
1.234	-13
1.235	-16
1.236	-19
1.237	-19
1.238	-16
1.239	-12
1.240	-10
1.241	-25
1.242	-37
1.243	-44
1.244	-52
1.245	-80
1.246	-106
1.247	-119
1.248	-131
1.249	-129
1.250	-127
1.251	-125
1.252	-121
1.253	-127
1.254	-137
1.255	-123
1.256	-110
1.257	-99
1.258	-90
1.259	-77
1.260	-66
1.261	-73
1.262	-83
1.263	-66
1.264	-51
1.265	-60
1.266	-68
1.267	-63
1.268	-57
1.269	-55
1.270	-55
1.271	-46
1.272	-38
1.273	-43
1.274	-48
1.275	-44
1.276	-41
1.277	-51
1.278	-63
1.279	-56
1.280	-54
1.281	-56
1.282	-56
1.283	-69
1.284	-80
1.285	-94
1.286	-107
1.287	-129
1.288	-147
1.289	-149
1.290	-151
1.291	-143
1.292	-133
1.293	-108
1.294	-81
1.295	-102
1.296	-123
1.297	-111
1.298	-97
1.299	-101
1.300	-104
1.301	-96
1.302	-89
1.303	-82
1.304	-74
1.305	-63
1.306	-53
1.307	-62
1.308	-70
1.309	-68
1.310	-66
1.311	-62
1.312	-60
1.313	-53
1.314	-47
1.315	-52
1.316	-56
1.317	-58
1.318	-60
1.319	-69
1.320	-77
1.321	-86
1.322	-95
1.323	-97
1.324	-101
1.325	-105
1.326	-108
1.327	-106
1.328	-101
1.329	-114
1.330	-128
1.331	-126
1.332	-125
1.333	-124
1.334	-123
1.335	-125
1.336	-129
1.337	-120
1.338	-112
1.339	-115
1.340	-119
1.341	-107
1.342	-94
1.343	-74
1.344	-55
1.345	-67
1.346	-75
1.347	-58
1.348	-40
1.349	-42
1.350	-44
1.351	-28
1.352	-15
1.353	-15
1.354	-16
1.355	-23
1.356	-26
1.357	-31
1.358	-38
1.359	-54
1.360	-68
1.361	-80
1.362	-92
1.363	-104
1.364	-115
1.365	-116
1.366	-118
1.367	-126
1.368	-136
1.369	-129
1.370	-119
1.371	-123
1.372	-128
1.373	-118
1.374	-108
1.375	-104
1.376	-96
1.377	-116
1.378	-137
1.379	-122
1.380	-107
1.381	-93
1.382	-80
1.383	-81
1.384	-78
1.385	-66
1.386	-56
1.387	-49
1.388	-41
1.389	-46
1.390	-53
1.391	-46
1.392	-39
1.393	-58
1.394	-75
1.395	-63
1.396	-54
1.397	-51
1.398	-48
1.399	-52
1.400	-55
1.401	-70
1.402	-84
1.403	-85
1.404	-84
1.405	-86
1.406	-90
1.407	-84
1.408	-82
1.409	-112
1.410	-137
1.411	-145
1.412	-152
1.413	-145
1.414	-143
1.415	-135
1.416	-129
1.417	-117
1.418	-101
1.419	-109
1.420	-119
1.421	-118
1.422	-116
1.423	-105
1.424	-94
1.425	-85
1.426	-75
1.427	-65
1.428	-56
1.429	-52
1.430	-46
1.431	-39
1.432	-30
1.433	-29
1.434	-30
1.435	-28
1.436	-24
1.437	-8
1.438	4
1.439	-4
1.440	-17
1.441	-13
1.442	-6
1.443	-19
1.444	-31
1.445	-24
1.446	-15
1.447	-17
1.448	-19
1.449	-16
1.450	-12
1.451	-22
1.452	-31
1.453	-72
1.454	-115
1.455	-126
1.456	-143
1.457	-148
1.458	-152
1.459	-141
1.460	-133
1.461	-130
1.462	-129
1.463	-122
1.464	-115
1.465	-97
1.466	-79
1.467	-88
1.468	-98
1.469	-81
1.470	-62
1.471	-72
1.472	-82
1.473	-65
1.474	-47
1.475	-45
1.476	-41
1.477	-43
1.478	-44
1.479	-36
1.480	-26
1.481	-28
1.482	-30
1.483	-33
1.484	-38
1.485	-49
1.486	-59
1.487	-42
1.488	-23
1.489	-31
1.490	-38
1.491	-79
1.492	-116
1.493	-125
1.494	-133
1.495	-152
1.496	-171
1.497	-158
1.498	-146
1.499	-151
1.500	-157
1.501	-151
1.502	-145
1.503	-138
1.504	-120
1.505	-102
1.506	-112
1.507	-122
1.508	-132
1.509	-122
1.510	-113
1.511	-106
1.512	-102
1.513	-96
1.514	-93
1.515	-90
1.516	-82
1.517	-74
1.518	-67
1.519	-60
1.520	-52
1.521	-61
1.522	-66
1.523	-75
1.524	-84
1.525	-91
1.526	-95
1.527	-99
1.528	-105
1.529	-111
1.530	-122
1.531	-128
1.532	-137
1.533	-144
1.534	-154
1.535	-164
1.536	-158
1.537	-149
1.538	-143
1.539	-151
1.540	-158
1.541	-150
1.542	-143
1.543	-135
1.544	-122
1.545	-109
1.546	-105
1.547	-98
1.548	-92
1.549	-79
1.550	-66
1.551	-77
1.552	-82
1.553	-86
1.554	-82
1.555	-79
1.556	-78
1.557	-80
1.558	-84
1.559	-83
1.560	-79
1.561	-75
1.562	-70
1.563	-65
1.564	-64
1.565	-60
1.566	-65
1.567	-68
1.568	-71
1.569	-82
1.570	-92
1.571	-105
1.572	-116
1.573	-129
1.574	-142
1.575	-154
1.576	-154
1.577	-153
1.578	-147
1.579	-133
1.580	-118
1.581	-116
1.582	-113
1.583	-112
1.584	-104
1.585	-96
1.586	-92
1.587	-87
1.588	-82
1.589	-80
1.590	-76
1.591	-81
1.592	-90
1.593	-101
1.594	-91
1.595	-78
1.596	-74
1.597	-70
1.598	-67
1.599	-60
1.600	-53
1.601	-49
1.602	-45
1.603	-41
1.604	-44
1.605	-48
1.606	-55
1.607	-62
1.608	-69
1.609	-81
1.610	-92
1.611	-98
1.612	-104
1.613	-109
1.614	-105
1.615	-100
1.616	-102
1.617	-103
1.618	-105
1.619	-88
1.620	-72
1.621	-67
1.622	-63
1.623	-59
1.624	-63
1.625	-68
1.626	-80
1.627	-94
1.628	-107
1.629	-85
1.630	-62
1.631	-57
1.632	-52
1.633	-46
1.634	-55
1.635	-66
1.636	-55
1.637	-45
1.638	-36
1.639	-61
1.640	-85
1.641	-84
1.642	-84
1.643	-84
1.644	-98
1.645	-113
1.646	-116
1.647	-120
1.648	-123
1.649	-131
1.650	-141
1.651	-141
1.652	-140
1.653	-139
1.654	-143
1.655	-146
1.656	-141
1.657	-135
1.658	-127
1.659	-126
1.660	-124
1.661	-117
1.662	-115
1.663	-112
1.664	-112
1.665	-113
1.666	-107
1.667	-100
1.668	-97
1.669	-96
1.670	-94
1.671	-87
1.672	-78
1.673	-74
1.674	-64
1.675	-55
1.676	-60
1.677	-66
1.678	-72
1.679	-65
1.680	-58
1.681	-55
1.682	-50
1.683	-50
1.684	-53
1.685	-53
1.686	-55
1.687	-59
1.688	-60
1.689	-67
1.690	-76
1.691	-82
1.692	-88
1.693	-92
1.694	-100
1.695	-105
1.696	-100
1.697	-93
1.698	-87
1.699	-97
1.700	-107
1.701	-119
1.702	-131
1.703	-141
1.704	-140
1.705	-138
1.706	-135
1.707	-131
1.708	-125
1.709	-116
1.710	-106
1.711	-95
1.712	-84
1.713	-73
1.714	-67
1.715	-63
1.716	-59
1.717	-56
1.718	-51
1.719	-51
1.720	-48
1.721	-58
1.722	-68
1.723	-78
1.724	-80
1.725	-81
1.726	-81
1.727	-81
1.728	-82
1.729	-77
1.730	-71
1.731	-85
1.732	-100
1.733	-113
1.734	-88
1.735	-64
1.736	-67
1.737	-71
1.738	-75
1.739	-82
1.740	-88
1.741	-94
1.742	-95
1.743	-100
1.744	-118
1.745	-134
1.746	-130
1.747	-126
1.748	-122
1.749	-113
1.750	-104
1.751	-96
1.752	-91
1.753	-85
1.754	-70
1.755	-54
1.756	-66
1.757	-73
1.758	-82
1.759	-70
1.760	-59
1.761	-46
1.762	-33
1.763	-25
1.764	-21
1.765	-17
1.766	-24
1.767	-30
1.768	-35
1.769	-34
1.770	-32
1.771	-37
1.772	-39
1.773	-44
1.774	-53
1.775	-61
1.776	-68
1.777	-75
1.778	-82
1.779	-80
1.780	-77
1.781	-82
1.782	-87
1.783	-94
1.784	-93
1.785	-90
1.786	-87
1.787	-83
1.788	-77
1.789	-93
1.790	-111
1.791	-121
1.792	-127
1.793	-136
1.794	-128
1.795	-122
1.796	-121
1.797	-116
1.798	-114
1.799	-107
1.800	-102
1.801	-99
1.802	-94
1.803	-91
1.804	-77
1.805	-66
1.806	-67
1.807	-67
1.808	-68
1.809	-50
1.810	-34
1.811	-45
1.812	-59
1.813	-68
1.814	-81
1.815	-93
1.816	-89
1.817	-83
1.818	-79
1.819	-71
1.820	-62
1.821	-54
1.822	-49
1.823	-40
1.824	-40
1.825	-41
1.826	-43
1.827	-47
1.828	-50
1.829	-50
1.830	-58
1.831	-59
1.832	-62
1.833	-58
1.834	-79
1.835	-98
1.836	-96
1.837	-94
1.838	-95
1.839	-90
1.840	-82
1.841	-83
1.842	-86
1.843	-90
1.844	-89
1.845	-83
1.846	-80
1.847	-75
1.848	-69
1.849	-63
1.850	-53
1.851	-53
1.852	-50
1.853	-49
1.854	-49
1.855	-51
1.856	-52
1.857	-53
1.858	-55
1.859	-59
1.860	-61
1.861	-77
1.862	-96
1.863	-115
1.864	-107
1.865	-97
1.866	-93
1.867	-89
1.868	-86
1.869	-99
1.870	-112
1.871	-103
1.872	-97
1.873	-90
1.874	-109
1.875	-119
1.876	-110
1.877	-98
1.878	-90
1.879	-93
1.880	-95
1.881	-87
1.882	-78
1.883	-70
1.884	-56
1.885	-46
1.886	-37
1.887	-32
1.888	-22
1.889	-34
1.890	-46
1.891	-42
1.892	-40
1.893	-37
1.894	-57
1.895	-73
1.896	-74
1.897	-72
1.898	-70
1.899	-96
1.900	-114
1.901	-119
1.902	-122
1.903	-128
1.904	-128
1.905	-127
1.906	-130
1.907	-135
1.908	-140
1.909	-126
1.910	-116
1.911	-112
1.912	-109
1.913	-105
1.914	-93
1.915	-84
1.916	-85
1.917	-87
1.918	-90
1.919	-88
1.920	-87
1.921	-83
1.922	-79
1.923	-77
1.924	-81
1.925	-83
1.926	-74
1.927	-65
1.928	-55
1.929	-52
1.930	-51
1.931	-53
1.932	-53
1.933	-50
1.934	-44
1.935	-34
1.936	-37
1.937	-43
1.938	-51
1.939	-60
1.940	-68
1.941	-81
1.942	-99
1.943	-115
1.944	-123
1.945	-131
1.946	-135
1.947	-139
1.948	-144
1.949	-131
1.950	-115
1.951	-112
1.952	-110
1.953	-109
1.954	-102
1.955	-94
1.956	-91
1.957	-85
1.958	-83
1.959	-85
1.960	-88
1.961	-90
1.962	-92
1.963	-93
1.964	-92
1.965	-91
1.966	-84
1.967	-79
1.968	-72
1.969	-68
1.970	-65
1.971	-54
1.972	-44
1.973	-32
1.974	-42
1.975	-50
1.976	-47
1.977	-43
1.978	-38
1.979	-22
1.980	-6
1.981	-15
1.982	-23
1.983	-31
1.984	-34
1.985	-39
1.986	-39
1.987	-40
1.988	-42
1.989	-37
1.990	-31
1.991	-43
1.992	-51
1.993	-58
1.994	-61
1.995	-60
1.996	-73
1.997	-88
1.998	-101
1.999	-111
2.000	-122
2.001	-113
2.002	-104
2.003	-95
2.004	-99
2.005	-102
2.006	-99
2.007	-96
2.008	-92
2.009	-78
2.010	-65
2.011	-73
2.012	-80
2.013	-87
2.014	-89
2.015	-95
2.016	-82
2.017	-70
2.018	-53
2.019	-50
2.020	-46
2.021	-46
2.022	-49
2.023	-54
2.024	-42
2.025	-29
2.026	-33
2.027	-40
2.028	-45
2.029	-42
2.030	-40
2.031	-47
2.032	-53
2.033	-63
2.034	-71
2.035	-79
2.036	-75
2.037	-70
2.038	-64
2.039	-75
2.040	-84
2.041	-84
2.042	-87
2.043	-85
2.044	-91
2.045	-96
2.046	-79
2.047	-63
2.048	-46
2.049	-59
2.050	-71
2.051	-70
2.052	-72
2.053	-73
2.054	-82
2.055	-90
2.056	-86
2.057	-82
2.058	-78
2.059	-89
2.060	-99
2.061	-97
2.062	-98
2.063	-99
2.064	-107
2.065	-115
2.066	-120
2.067	-125
2.068	-134
2.069	-138
2.070	-145
2.071	-142
2.072	-137
2.073	-133
2.074	-127
2.075	-116
2.076	-115
2.077	-111
2.078	-110
2.079	-103
2.080	-99
2.081	-109
2.082	-118
2.083	-128
2.084	-120
2.085	-111
2.086	-110
2.087	-111
2.088	-112
2.089	-98
2.090	-81
2.091	-83
2.092	-82
2.093	-80
2.094	-67
2.095	-52
2.096	-46
2.097	-40
2.098	-35
2.099	-35
2.100	-32
2.101	-39
2.102	-44
2.103	-51
2.104	-57
2.105	-64
2.106	-61
2.107	-57
2.108	-55
2.109	-50
2.110	-46
2.111	-43
2.112	-43
2.113	-39
2.114	-41
2.115	-43
2.116	-53
2.117	-66
2.118	-78
2.119	-79
2.120	-79
2.121	-87
2.122	-94
2.123	-101
2.124	-84
2.125	-65
2.126	-57
2.127	-52
2.128	-48
2.129	-28
2.130	-9
2.131	-18
2.132	-26
2.133	-34
2.134	-21
2.135	-7
2.136	-8
2.137	-13
2.138	-18
2.139	-21
2.140	-22
2.141	-30
2.142	-39
2.143	-48
2.144	-66
2.145	-81
2.146	-86
2.147	-89
2.148	-94
2.149	-119
2.150	-140
2.151	-146
2.152	-149
2.153	-155
2.154	-145
2.155	-136
2.156	-136
2.157	-133
2.158	-132
2.159	-130
2.160	-131
2.161	-122
2.162	-112
2.163	-102
2.164	-102
2.165	-101
2.166	-98
2.167	-96
2.168	-93
2.169	-90
2.170	-84
2.171	-82
2.172	-81
2.173	-79
2.174	-69
2.175	-59
2.176	-51
2.177	-43
2.178	-34
2.179	-31
2.180	-27
2.181	-27
2.182	-31
2.183	-28
2.184	-34
2.185	-40
2.186	-35
2.187	-30
2.188	-25
2.189	-45
2.190	-64
2.191	-70
2.192	-79
2.193	-86
2.194	-82
2.195	-77
2.196	-80
2.197	-87
2.198	-91
2.199	-96
2.200	-101
2.201	-107
2.202	-112
2.203	-117
2.204	-110
2.205	-103
2.206	-103
2.207	-101
2.208	-103
2.209	-89
2.210	-71
2.211	-68
2.212	-63
2.213	-57
2.214	-51
2.215	-40
2.216	-52
2.217	-71
2.218	-82
2.219	-69
2.220	-62
2.221	-61
2.222	-54
2.223	-50
2.224	-41
2.225	-33
2.226	-36
2.227	-39
2.228	-44
2.229	-39
2.230	-37
2.231	-42
2.232	-47
2.233	-51
2.234	-55
2.235	-59
2.236	-69
2.237	-78
2.238	-86
2.239	-102
2.240	-118
2.241	-112
2.242	-107
2.243	-102
2.244	-92
2.245	-83
2.246	-82
2.247	-80
2.248	-77
2.249	-76
2.250	-76
2.251	-73
2.252	-73
2.253	-70
2.254	-48
2.255	-25
2.256	-21
2.257	-17
2.258	-13
2.259	2
2.260	8
2.261	6
2.262	5
2.263	4
2.264	-8
2.265	-27
2.266	-30
2.267	-32
2.268	-31
2.269	-53
2.270	-75
2.271	-66
2.272	-57
2.273	-48
2.274	-87
2.275	-122
2.276	-119
2.277	-117
2.278	-114
2.279	-115
2.280	-121
2.281	-122
2.282	-121
2.283	-120
2.284	-112
2.285	-102
2.286	-94
2.287	-87
2.288	-81
2.289	-77
2.290	-69
2.291	-66
2.292	-59
2.293	-49
2.294	-39
2.295	-29
2.296	-29
2.297	-29
2.298	-27
2.299	-21
2.300	-16
2.301	-24
2.302	-32
2.303	-40
2.304	-54
2.305	-69
2.306	-60
2.307	-53
2.308	-46
2.309	-70
2.310	-91
2.311	-89
2.312	-89
2.313	-91
2.314	-84
2.315	-84
2.316	-88
2.317	-92
2.318	-94
2.319	-97
2.320	-104
2.321	-98
2.322	-90
2.323	-87
2.324	-64
2.325	-40
2.326	-54
2.327	-70
2.328	-86
2.329	-72
2.330	-58
2.331	-64
2.332	-67
2.333	-74
2.334	-63
2.335	-58
2.336	-51
2.337	-41
2.338	-33
2.339	-15
2.340	1
2.341	-7
2.342	-8
2.343	-12
2.344	-2
2.345	0
2.346	-9
2.347	-16
2.348	-22
2.349	-48
2.350	-69
2.351	-76
2.352	-80
2.353	-87
2.354	-89
2.355	-92
2.356	-97
2.357	-106
2.358	-111
2.359	-99
2.360	-85
2.361	-82
2.362	-82
2.363	-79
2.364	-79
2.365	-84
2.366	-90
2.367	-95
2.368	-100
2.369	-96
2.370	-95
2.371	-81
2.372	-65
2.373	-54
2.374	-40
2.375	-22
2.376	-24
2.377	-27
2.378	-27
2.379	-23
2.380	-20
2.381	-11
2.382	-6
2.383	1
2.384	-7
2.385	-17
2.386	-15
2.387	-16
2.388	-17
2.389	-41
2.390	-66
2.391	-64
2.392	-61
2.393	-55
2.394	-54
2.395	-50
2.396	-60
2.397	-70
2.398	-79
2.399	-76
2.400	-74
2.401	-76
2.402	-79
2.403	-81
2.404	-75
2.405	-66
2.406	-57
2.407	-50
2.408	-43
2.409	-28
2.410	-12
2.411	-23
2.412	-31
2.413	-40
2.414	-42
2.415	-42
2.416	-44
2.417	-34
2.418	-30
2.419	-46
2.420	-62
2.421	-67
2.422	-73
2.423	-76
2.424	-89
2.425	-100
2.426	-101
2.427	-104
2.428	-108
2.429	-123
2.430	-142
2.431	-150
2.432	-157
2.433	-164
2.434	-147
2.435	-126
2.436	-130
2.437	-135
2.438	-141
2.439	-123
2.440	-105
2.441	-114
2.442	-124
2.443	-133
2.444	-125
2.445	-116
2.446	-110
2.447	-102
2.448	-96
2.449	-85
2.450	-79
2.451	-77
2.452	-76
2.453	-75
2.454	-55
2.455	-34
2.456	-34
2.457	-34
2.458	-37
2.459	-28
2.460	-20
2.461	-13
2.462	-2
2.463	2
2.464	-9
2.465	-24
2.466	-19
2.467	-12
2.468	-11
2.469	-18
2.470	-25
2.471	-40
2.472	-54
2.473	-69
2.474	-71
2.475	-72
2.476	-83
2.477	-93
2.478	-103
2.479	-100
2.480	-102
2.481	-114
2.482	-126
2.483	-133
2.484	-133
2.485	-133
2.486	-134
2.487	-133
2.488	-132
2.489	-122
2.490	-113
2.491	-92
2.492	-71
2.493	-50
2.494	-60
2.495	-71
2.496	-71
2.497	-69
2.498	-67
2.499	-40
2.500	-13
2.501	-21
2.502	-26
2.503	-35
2.504	-48
2.505	-60
2.506	-63
2.507	-65
2.508	-66
2.509	-76
2.510	-85
2.511	-68
2.512	-53
2.513	-39
2.514	-63
2.515	-91
2.516	-109
2.517	-125
2.518	-141
2.519	-145
2.520	-151
2.521	-146
2.522	-146
2.523	-143
2.524	-147
2.525	-146
2.526	-143
2.527	-139
2.528	-137
2.529	-125
2.530	-117
2.531	-115
2.532	-113
2.533	-114
2.534	-115
2.535	-116
2.536	-100
2.537	-85
2.538	-74
2.539	-73
2.540	-72
2.541	-61
2.542	-49
2.543	-39
2.544	-25
2.545	-14
2.546	-8
2.547	-2
2.548	3
2.549	-2
2.550	-9
2.551	-10
2.552	-9
2.553	-6
2.554	-18
2.555	-28
2.556	-35
2.557	-41
2.558	-49
2.559	-54
2.560	-61
2.561	-64
2.562	-66
2.563	-70
2.564	-71
2.565	-74
2.566	-66
2.567	-57
2.568	-45
2.569	-54
2.570	-61
2.571	-60
2.572	-59
2.573	-61
2.574	-54
2.575	-47
2.576	-37
2.577	-25
2.578	-13
2.579	-25
2.580	-37
2.581	-32
2.582	-24
2.583	-17
2.584	-22
2.585	-26
2.586	-26
2.587	-27
2.588	-25
2.589	-21
2.590	-17
2.591	-23
2.592	-27
2.593	-32
2.594	-44
2.595	-57
2.596	-63
2.597	-68
2.598	-73
2.599	-92
2.600	-111
2.601	-103
2.602	-99
2.603	-94
2.604	-105
2.605	-116
2.606	-110
2.607	-106
2.608	-99
2.609	-102
2.610	-106
2.611	-99
2.612	-92
2.613	-83
2.614	-60
2.615	-37
2.616	-43
2.617	-51
2.618	-62
2.619	-47
2.620	-31
2.621	-32
2.622	-29
2.623	-30
2.624	-20
2.625	-10
2.626	-11
2.627	-11
2.628	-13
2.629	-10
2.630	-7
2.631	-18
2.632	-35
2.633	-47
2.634	-50
2.635	-51
2.636	-59
2.637	-62
2.638	-73
2.639	-76
2.640	-76
2.641	-78
2.642	-78
2.643	-77
2.644	-83
2.645	-91
2.646	-84
2.647	-81
2.648	-76
2.649	-58
2.650	-44
2.651	-28
2.652	-13
2.653	0
2.654	-8
2.655	-16
2.656	-9
2.657	0
2.658	5
2.659	-5
2.660	-17
2.661	-12
2.662	-8
2.663	-4
2.664	-10
2.665	-18
2.666	-20
2.667	-21
2.668	-22
2.669	-24
2.670	-23
2.671	-24
2.672	-26
2.673	-28
2.674	-26
2.675	-26
2.676	-31
2.677	-39
2.678	-42
2.679	-47
2.680	-52
2.681	-70
2.682	-85
2.683	-100
2.684	-105
2.685	-105
2.686	-104
2.687	-104
2.688	-104
2.689	-107
2.690	-112
2.691	-99
2.692	-85
2.693	-72
2.694	-77
2.695	-74
2.696	-75
2.697	-76
2.698	-75
2.699	-78
2.700	-83
2.701	-73
2.702	-64
2.703	-52
2.704	-67
2.705	-81
2.706	-86
2.707	-93
2.708	-98
2.709	-95
2.710	-94
2.711	-88
2.712	-91
2.713	-95
2.714	-95
2.715	-95
2.716	-100
2.717	-103
2.718	-106
2.719	-99
2.720	-93
2.721	-98
2.722	-101
2.723	-104
2.724	-98
2.725	-89
2.726	-91
2.727	-88
2.728	-87
2.729	-79
2.730	-72
2.731	-68
2.732	-63
2.733	-57
2.734	-45
2.735	-34
2.736	-19
2.737	-2
2.738	6
2.739	6
2.740	6
2.741	7
2.742	9
2.743	11
2.744	7
2.745	3
2.746	3
2.747	3
2.748	3
2.749	3
2.750	4
2.751	3
2.752	2
2.753	1
2.754	0
2.755	-1
2.756	-6
2.757	-11
2.758	-15
2.759	-32
2.760	-51
2.761	-44
2.762	-42
2.763	-37
2.764	-30
2.765	-23
2.766	-23
2.767	-20
2.768	-19
2.769	-5
2.770	3
2.771	4
2.772	4
2.773	2
2.774	2
2.775	2
2.776	2
2.777	0
2.778	-2
2.779	1
2.780	2
2.781	1
2.782	1
2.783	2
2.784	-4
2.785	-13
2.786	-15
2.787	-16
2.788	-18
2.789	-21
2.790	-21
2.791	-25
2.792	-32
2.793	-37
2.794	-48
2.795	-55
2.796	-60
2.797	-69
2.798	-76
2.799	-59
2.800	-42
2.801	-67
2.802	-89
2.803	-109
2.804	-105
2.805	-101
2.806	-104
2.807	-106
2.808	-107
2.809	-103
2.810	-100
2.811	-97
2.812	-97
2.813	-95
2.814	-84
2.815	-72
2.816	-73
2.817	-71
2.818	-72
2.819	-71
2.820	-71
2.821	-53
2.822	-33
2.823	-13
2.824	-15
2.825	-14
2.826	-10
2.827	-6
2.828	-3
2.829	-5
2.830	-5
2.831	-11
2.832	-15
2.833	-21
2.834	-24
2.835	-29
2.836	-41
2.837	-51
2.838	-61
2.839	-64
2.840	-68
2.841	-65
2.842	-63
2.843	-62
2.844	-54
2.845	-47
2.846	-54
2.847	-60
2.848	-67
2.849	-62
2.850	-59
2.851	-61
2.852	-64
2.853	-65
2.854	-51
2.855	-34
2.856	-17
2.857	0
2.858	6
2.859	1
2.860	-12
2.861	-11
2.862	-9
2.863	-6
2.864	-15
2.865	-23
2.866	-24
2.867	-24
2.868	-23
2.869	-37
2.870	-50
2.871	-46
2.872	-42
2.873	-40
2.874	-59
2.875	-79
2.876	-76
2.877	-72
2.878	-68
2.879	-64
2.880	-62
2.881	-58
2.882	-55
2.883	-52
2.884	-55
2.885	-58
2.886	-58
2.887	-61
2.888	-63
2.889	-62
2.890	-58
2.891	-46
2.892	-34
2.893	-23
2.894	-19
2.895	-17
2.896	-7
2.897	0
2.898	4
2.899	0
2.900	-7
2.901	-5
2.902	-5
2.903	-1
2.904	-3
2.905	-5
2.906	-9
2.907	-11
2.908	-14
2.909	-23
2.910	-31
2.911	-31
2.912	-28
2.913	-28
2.914	-31
2.915	-34
2.916	-27
2.917	-21
2.918	-14
2.919	-29
2.920	-43
2.921	-48
2.922	-50
2.923	-52
2.924	-59
2.925	-65
2.926	-57
2.927	-49
2.928	-41
2.929	-63
2.930	-84
2.931	-75
2.932	-65
2.933	-56
2.934	-49
2.935	-40
2.936	-32
2.937	-22
2.938	-12
2.939	1
2.940	6
2.941	5
2.942	4
2.943	4
2.944	8
2.945	12
2.946	14
2.947	16
2.948	18
2.949	18
2.950	18
2.951	15
2.952	13
2.953	9
2.954	7
2.955	4
2.956	-7
2.957	-19
2.958	-35
2.959	-21
2.960	-3
2.961	-7
2.962	-14
2.963	-18
2.964	-16
2.965	-12
2.966	-19
2.967	-24
2.968	-31
2.969	-37
2.970	-41
2.971	-42
2.972	-44
2.973	-47
2.974	-50
2.975	-52
2.976	-50
2.977	-46
2.978	-42
2.979	-44
2.980	-47
2.981	-37
2.982	-27
2.983	-15
2.984	-8
2.985	-2
2.986	1
2.987	4
2.988	6
2.989	4
2.990	2
2.991	2
2.992	1
2.993	-2
2.994	-2
2.995	-5
2.996	-12
2.997	-19
2.998	-26
2.999	-34
3.000	-43
3.001	-44
3.002	-42
3.003	-48
3.004	-51
3.005	-52
3.006	-53
3.007	-55
3.008	-54
3.009	-55
3.010	-57
3.011	-54
3.012	-53
3.013	-52
3.014	-49
3.015	-47
3.016	-43
3.017	-39
3.018	-35
3.019	-31
3.020	-28
3.021	-30
3.022	-29
3.023	-30
3.024	-30
3.025	-31
3.026	-22
3.027	-12
3.028	-3
3.029	3
3.030	6
3.031	7
3.032	8
3.033	8
3.034	9
3.035	10
3.036	8
3.037	7
3.038	6
3.039	5
3.040	3
3.041	-1
3.042	-8
3.043	-16
3.044	-26
3.045	-31
3.046	-32
3.047	-32
3.048	-32
3.049	-32
3.050	-34
3.051	-29
3.052	-25
3.053	-21
3.054	-16
3.055	-11
3.056	-10
3.057	-10
3.058	-8
3.059	-6
3.060	-4
3.061	-4
3.062	-4
3.063	-5
3.064	-7
3.065	-10
3.066	-5
3.067	-1
3.068	1
3.069	2
3.070	3
3.071	5
3.072	8
3.073	9
3.074	12
3.075	14
3.076	13
3.077	11
3.078	9
3.079	8
3.080	7
3.081	6
3.082	7
3.083	8
3.084	9
3.085	10
3.086	9
3.087	9
3.088	7
3.089	6
3.090	4
3.091	3
3.092	1
3.093	-1
3.094	-4
3.095	-6
3.096	-9
3.097	-12
3.098	-15
3.099	-18
3.100	-22
3.101	-19
3.102	-16
3.103	-14
3.104	-11
3.105	-6
3.106	-2
3.107	0
3.108	2
3.109	4
3.110	5
3.111	3
3.112	2
3.113	0
3.114	-3
3.115	-6
3.116	-10
3.117	-15
3.118	-18
3.119	-25
3.120	-29
3.121	-29
3.122	-29
3.123	-32
3.124	-30
3.125	-30
3.126	-35
3.127	-39
3.128	-41
3.129	-44
3.130	-49
3.131	-52
3.132	-54
3.133	-57
3.134	-58
3.135	-60
3.136	-56
3.137	-55
3.138	-53
3.139	-52
3.140	-51
3.141	-44
3.142	-36
3.143	-32
3.144	-27
3.145	-22
3.146	-21
3.147	-16
3.148	-13
3.149	-10
3.150	-5
3.151	1
3.152	5
3.153	9
3.154	13
3.155	16
3.156	15
3.157	15
3.158	14
3.159	14
3.160	15
3.161	14
3.162	14
3.163	13
3.164	12
3.165	11
3.166	8
3.167	6
3.168	4
3.169	2
3.170	0
3.171	1
3.172	1
3.173	2
3.174	2
3.175	3
3.176	4
3.177	5
3.178	6
3.179	7
3.180	8
3.181	8
3.182	8
3.183	7
3.184	7
3.185	6
3.186	8
3.187	10
3.188	12
3.189	14
3.190	14
3.191	13
3.192	10
3.193	7
3.194	3
3.195	-1
3.196	3
3.197	7
3.198	9
3.199	12
3.200	14
3.201	13
3.202	13
3.203	11
3.204	10
3.205	9
3.206	9
3.207	9
3.208	9
3.209	9
3.210	10
3.211	9
3.212	8
3.213	8
3.214	7
3.215	7
3.216	7
3.217	8
3.218	8
3.219	9
3.220	9
3.221	7
3.222	6
3.223	4
3.224	2
3.225	0
3.226	0
3.227	2
3.228	4
3.229	5
3.230	5
3.231	6
3.232	6
3.233	6
3.234	6
3.235	6
3.236	9
3.237	13
3.238	16
3.239	18
3.240	20
3.241	19
3.242	19
3.243	18
3.244	17
3.245	16
3.246	15
3.247	14
3.248	12
3.249	10
3.250	8
3.251	9
3.252	8
3.253	7
3.254	7
3.255	4
3.256	1
3.257	-4
3.258	-7
3.259	-9
3.260	-14
3.261	-15
3.262	-15
3.263	-16
3.264	-16
3.265	-14
3.266	-10
3.267	-8
3.268	-5
3.269	-2
3.270	1
3.271	1
3.272	-2
3.273	-4
3.274	-7
3.275	-9
3.276	-13
3.277	-16
3.278	-15
3.279	-19
3.280	-26
3.281	-24
3.282	-25
3.283	-25
3.284	-24
3.285	-25
3.286	-34
3.287	-42
3.288	-50
3.289	-59
3.290	-69
3.291	-71
3.292	-74
3.293	-76
3.294	-81
3.295	-85
3.296	-83
3.297	-80
3.298	-77
3.299	-76
3.300	-74
3.301	-70
3.302	-64
3.303	-62
3.304	-60
3.305	-54
3.306	-48
3.307	-41
3.308	-34
3.309	-28
3.310	-22
3.311	-16
3.312	-13
3.313	-5
3.314	0
3.315	3
3.316	5
3.317	7
3.318	9
3.319	11
3.320	11
3.321	10
3.322	9
3.323	8
3.324	6
3.325	5
3.326	4
3.327	3
3.328	1
3.329	0
3.330	-2
3.331	-4
3.332	-5
3.333	-10
3.334	-13
3.335	-14
3.336	-12
3.337	-13
3.338	-13
3.339	-13
3.340	-17
3.341	-16
3.342	-17
3.343	-19
3.344	-20
3.345	-21
3.346	-17
3.347	-13
3.348	-11
3.349	-7
3.350	-3
3.351	0
3.352	-5
3.353	-1
3.354	1
3.355	3
3.356	0
3.357	0
3.358	-4
3.359	-7
3.360	-10
3.361	-8
3.362	-2
3.363	1
3.364	3
3.365	3
3.366	5
3.367	6
3.368	6
3.369	6
3.370	7
3.371	3
3.372	1
3.373	-7
3.374	-14
3.375	-21
3.376	-24
3.377	-26
3.378	-30
3.379	-35
3.380	-41
3.381	-38
3.382	-37
3.383	-39
3.384	-37
3.385	-36
3.386	-31
3.387	-29
3.388	-28
3.389	-23
3.390	-19
3.391	-14
3.392	-9
3.393	-3
3.394	-2
3.395	3
3.396	4
3.397	4
3.398	4
3.399	4
3.400	4
3.401	4
3.402	5
3.403	6
3.404	6
3.405	6
3.406	5
3.407	5
3.408	6
3.409	6
3.410	7
3.411	8
3.412	9
3.413	10
3.414	11
3.415	13
3.416	10
3.417	8
3.418	5
3.419	4
3.420	2
3.421	1
3.422	1
3.423	2
3.424	1
3.425	1
3.426	2
3.427	4
3.428	7
3.429	8
3.430	10
3.431	13
3.432	13
3.433	15
3.434	16
3.435	19
3.436	18
3.437	18
3.438	19
3.439	18
3.440	18
3.441	18
3.442	17
3.443	17
3.444	16
3.445	14
3.446	13
3.447	12
3.448	10
3.449	9
3.450	9
3.451	8
3.452	8
3.453	8
3.454	8
3.455	7
3.456	4
3.457	0
3.458	-8
3.459	-17
3.460	-23
3.461	-18
3.462	-14
3.463	-9
3.464	-4
3.465	1
3.466	3
3.467	8
3.468	8
3.469	9
3.470	12
3.471	13
3.472	14
3.473	15
3.474	16
3.475	17
3.476	18
3.477	19
3.478	21
3.479	24
3.480	25
3.481	23
3.482	21
3.483	19
3.484	17
3.485	15
3.486	14
3.487	13
3.488	11
3.489	10
3.490	8
3.491	9
3.492	10
3.493	12
3.494	14
3.495	15
3.496	14
3.497	14
3.498	14
3.499	13
3.500	14
3.501	10
3.502	8
3.503	6
3.504	3
3.505	1
3.506	2
3.507	3
3.508	5
3.509	7
3.510	8
3.511	9
3.512	12
3.513	12
3.514	13
3.515	13
3.516	12
3.517	12
3.518	12
3.519	10
3.520	9
3.521	6
3.522	4
3.523	2
3.524	-2
3.525	-10
3.526	-8
3.527	-6
3.528	-5
3.529	-7
3.530	-2
3.531	1
3.532	3
3.533	6
3.534	8
3.535	10
3.536	11
3.537	14
3.538	15
3.539	16
3.540	18
3.541	16
3.542	15
3.543	14
3.544	11
3.545	9
3.546	8
3.547	7
3.548	6
3.549	5
3.550	4
3.551	2
3.552	1
3.553	-1
3.554	-4
3.555	-5
3.556	-5
3.557	-2
3.558	-3
3.559	2
3.560	3
3.561	4
3.562	4
3.563	6
3.564	7
3.565	7
3.566	10
3.567	12
3.568	13
3.569	15
3.570	17
3.571	17
3.572	18
3.573	19
3.574	20
3.575	21
3.576	19
3.577	18
3.578	16
3.579	14
3.580	11
3.581	9
3.582	7
3.583	4
3.584	1
3.585	-6
3.586	-3
3.587	-4
3.588	-5
3.589	-6
3.590	-6
3.591	-4
3.592	-4
3.593	0
3.594	1
3.595	1
3.596	4
3.597	6
3.598	8
3.599	10
3.600	12
3.601	10
3.602	10
3.603	9
3.604	8
3.605	7
3.606	8
3.607	9
3.608	10
3.609	11
3.610	12
3.611	10
3.612	8
3.613	5
3.614	5
3.615	2
3.616	2
3.617	-15
3.618	-24
3.619	-33
3.620	-43
3.621	-40
3.622	-38
3.623	-37
3.624	-38
3.625	-37
3.626	-46
3.627	-53
3.628	-58
3.629	-65
3.630	-71
3.631	-64
3.632	-57
3.633	-51
3.634	-44
3.635	-37
3.636	-26
3.637	-20
3.638	-13
3.639	-4
3.640	2
3.641	6
3.642	10
3.643	12
3.644	14
3.645	17
3.646	15
3.647	15
3.648	14
3.649	13
3.650	13
3.651	10
3.652	8
3.653	7
3.654	5
3.655	4
3.656	1
3.657	-4
3.658	-11
3.659	-9
3.660	-24
3.661	-29
3.662	-34
3.663	-39
3.664	-43
3.665	-47
3.666	-48
3.667	-45
3.668	-48
3.669	-53
3.670	-47
3.671	-44
3.672	-39
3.673	-33
3.674	-29
3.675	-25
3.676	-17
3.677	-8
3.678	1
3.679	5
3.680	9
3.681	10
3.682	9
3.683	10
3.684	11
3.685	12
3.686	14
3.687	15
3.688	16
3.689	17
3.690	19
3.691	18
3.692	17
3.693	16
3.694	15
3.695	14
3.696	14
3.697	14
3.698	14
3.699	14
3.700	14
3.701	13
3.702	13
3.703	10
3.704	8
3.705	6
3.706	4
3.707	1
3.708	-3
3.709	-8
3.710	-15
3.711	-14
3.712	-17
3.713	-15
3.714	-15
3.715	-15
3.716	-4
3.717	2
3.718	6
3.719	10
3.720	15
3.721	14
3.722	14
3.723	15
3.724	15
3.725	15
3.726	15
3.727	14
3.728	14
3.729	13
3.730	13
3.731	13
3.732	14
3.733	13
3.734	14
3.735	14
3.736	13
3.737	14
3.738	14
3.739	14
3.740	15
3.741	11
3.742	9
3.743	6
3.744	4
3.745	-1
3.746	0
3.747	-6
3.748	-11
3.749	-17
3.750	-18
3.751	-15
3.752	-3
3.753	-7
3.754	-3
3.755	0
3.756	3
3.757	7
3.758	10
3.759	13
3.760	14
3.761	16
3.762	17
3.763	17
3.764	18
3.765	18
3.766	17
3.767	16
3.768	15
3.769	14
3.770	12
3.771	10
3.772	9
3.773	5
3.774	3
3.775	0
3.776	2
3.777	3
3.778	5
3.779	7
3.780	9
3.781	10
3.782	11
3.783	12
3.784	13
3.785	13
3.786	12
3.787	11
3.788	10
3.789	9
3.790	8
3.791	4
3.792	1
3.793	-6
3.794	-14
3.795	-23
3.796	-15
3.797	-7
3.798	-5
3.799	4
3.800	8
3.801	7
3.802	6
3.803	6
3.804	5
3.805	3
3.806	5
3.807	6
3.808	7
3.809	9
3.810	11
3.811	12
3.812	13
3.813	13
3.814	15
3.815	16
3.816	15
3.817	13
3.818	11
3.819	9
3.820	7
3.821	4
3.822	1
3.823	-1
3.824	-6
3.825	-12
3.826	-13
3.827	-11
3.828	-10
3.829	-8
3.830	-7
3.831	0
3.832	4
3.833	6
3.834	11
3.835	14
3.836	15
3.837	15
3.838	17
3.839	18
3.840	19
3.841	19
3.842	18
3.843	18
3.844	17
3.845	17
3.846	16
3.847	15
3.848	14
3.849	12
3.850	11
3.851	12
3.852	13
3.853	13
3.854	13
3.855	13
3.856	14
3.857	14
3.858	15
3.859	16
3.860	18
3.861	14
3.862	11
3.863	7
3.864	3
3.865	-2
3.866	-7
3.867	-14
3.868	-15
3.869	-23
3.870	-28
3.871	-23
3.872	-19
3.873	-16
3.874	-13
3.875	-10
3.876	-3
3.877	2
3.878	6
3.879	8
3.880	11
3.881	13
3.882	14
3.883	16
3.884	17
3.885	17
3.886	17
3.887	18
3.888	18
3.889	18
3.890	18
3.891	17
3.892	17
3.893	15
3.894	14
3.895	13
3.896	13
3.897	11
3.898	12
3.899	12
3.900	12
3.901	12
3.902	13
3.903	14
3.904	14
3.905	16
3.906	15
3.907	15
3.908	15
3.909	14
3.910	14
3.911	11
3.912	8
3.913	5
3.914	-1
3.915	-9
3.916	-6
3.917	-6
3.918	-10
3.919	-6
3.920	-5
3.921	1
3.922	5
3.923	8
3.924	12
3.925	14
3.926	15
3.927	14
3.928	14
3.929	14
3.930	15
3.931	17
3.932	15
3.933	16
3.934	16
3.935	15
3.936	15
3.937	15
3.938	14
3.939	15
3.940	15
3.941	14
3.942	12
3.943	10
3.944	9
3.945	7
3.946	6
3.947	6
3.948	5
3.949	4
3.950	6
3.951	10
3.952	8
3.953	10
3.954	12
3.955	13
3.956	14
3.957	15
3.958	16
3.959	17
3.960	19
3.961	16
3.962	15
3.963	14
3.964	12
3.965	10
3.966	10
3.967	9
3.968	9
3.969	9
3.970	9
3.971	9
3.972	9
3.973	11
3.974	11
3.975	9
3.976	8
3.977	7
3.978	7
3.979	6
3.980	5
3.981	4
3.982	11
3.983	10
3.984	10
3.985	6
3.986	4
3.987	3
3.988	1
3.989	-1
3.990	-7
3.991	-12
3.992	-16
3.993	-21
3.994	-25
3.995	-29
3.996	-28
3.997	-27
3.998	-24
3.999	-23
4.000	-24
4.001	-18
4.002	-23
4.003	-10
4.004	-9
4.005	3
4.006	2
4.007	3
4.008	4
4.009	5
4.010	5
4.011	8
4.012	9
4.013	13
4.014	14
4.015	16
4.016	19
4.017	19
4.018	20
4.019	21
4.020	22
4.021	18
4.022	14
4.023	5
4.024	-3
4.025	-16
4.026	-13
4.027	-1
4.028	1
4.029	3
4.030	6
4.031	6
4.032	6
4.033	7
4.034	7
4.035	8
4.036	7
4.037	8
4.038	5
4.039	5
4.040	3
4.041	4
4.042	4
4.043	3
4.044	2
4.045	3
4.046	0
4.047	3
4.048	4
4.049	3
4.050	2
4.051	5
4.052	1
4.053	0
4.054	-2
4.055	-3
4.056	-3
4.057	-2
4.058	-1
4.059	-4
4.060	1
4.061	1
4.062	2
4.063	3
4.064	4
4.065	5
4.066	6
4.067	7
4.068	8
4.069	9
4.070	10
4.071	11
4.072	10
4.073	10
4.074	12
4.075	11
4.076	13
4.077	9
4.078	9
4.079	7
4.080	7
4.081	9
4.082	10
4.083	11
4.084	11
4.085	14
4.086	12
4.087	10
4.088	9
4.089	6
4.090	5
4.091	5
4.092	7
4.093	8
4.094	10
4.095	11
4.096	13
4.097	14
4.098	15
4.099	16
4.100	17
4.101	17
4.102	16
4.103	17
4.104	17
4.105	16
4.106	17
4.107	16
4.108	17
4.109	16
4.110	16
4.111	15
4.112	15
4.113	16
4.114	17
4.115	18
4.116	18
4.117	19
4.118	19
4.119	19
4.120	16
4.121	16
4.122	15
4.123	13
4.124	11
4.125	9
4.126	14
4.127	16
4.128	18
4.129	20
4.130	21
4.131	19
4.132	18
4.133	17
4.134	16
4.135	15
4.136	15
4.137	15
4.138	16
4.139	16
4.140	17
4.141	16
4.142	16
4.143	15
4.144	15
4.145	14
4.146	12
4.147	9
4.148	7
4.149	4
4.150	2
4.151	1
4.152	1
4.153	1
4.154	0
4.155	-1
4.156	3
4.157	5
4.158	8
4.159	9
4.160	12
4.161	13
4.162	13
4.163	13
4.164	13
4.165	13
4.166	11
4.167	11
4.168	10
4.169	10
4.170	9
4.171	10
4.172	10
4.173	13
4.174	14
4.175	16
4.176	15
4.177	16
4.178	18
4.179	17
4.180	15
4.181	15
4.182	14
4.183	14
4.184	13
4.185	13
4.186	14
4.187	15
4.188	16
4.189	17
4.190	18
4.191	18
4.192	17
4.193	17
4.194	16
4.195	16
4.196	16
4.197	16
4.198	17
4.199	17
4.200	13
4.201	13
4.202	13
4.203	13
4.204	13
4.205	10
4.206	12
4.207	12
4.208	10
4.209	10
4.210	9
4.211	12
4.212	14
4.213	16
4.214	16
4.215	18
4.216	18
4.217	19
4.218	20
4.219	21
4.220	21
4.221	20
4.222	20
4.223	18
4.224	17
4.225	16
4.226	16
4.227	16
4.228	15
4.229	14
4.230	14
4.231	13
4.232	12
4.233	12
4.234	11
4.235	12
4.236	13
4.237	13
4.238	15
4.239	15
4.240	16
4.241	15
4.242	14
4.243	13
4.244	13
4.245	14
4.246	11
4.247	9
4.248	6
4.249	4
4.250	2
4.251	2
4.252	3
4.253	3
4.254	4
4.255	3
4.256	3
4.257	3
4.258	7
4.259	9
4.260	12
4.261	11
4.262	11
4.263	9
4.264	8
4.265	7
4.266	9
4.267	13
4.268	16
4.269	18
4.270	20
4.271	20
4.272	18
4.273	17
4.274	16
4.275	15
4.276	14
4.277	13
4.278	12
4.279	12
4.280	9
4.281	9
4.282	9
4.283	10
4.284	11
4.285	12
4.286	13
4.287	13
4.288	11
4.289	11
4.290	9
4.291	12
4.292	13
4.293	14
4.294	14
4.295	16
4.296	13
4.297	12
4.298	10
4.299	11
4.300	8
4.301	12
4.302	11
4.303	13
4.304	14
4.305	15
4.306	16
4.307	17
4.308	17
4.309	18
4.310	18
4.311	18
4.312	17
4.313	17
4.314	16
4.315	15
4.316	17
4.317	18
4.318	19
4.319	20
4.320	22
4.321	22
4.322	23
4.323	23
4.324	22
4.325	22
4.326	22
4.327	21
4.328	21
4.329	20
4.330	19
4.331	20
4.332	20
4.333	19
4.334	21
4.335	21
4.336	21
4.337	21
4.338	22
4.339	19
4.340	20
4.341	20
4.342	19
4.343	19
4.344	21
4.345	19
4.346	20
4.347	21
4.348	22
4.349	22
4.350	23
4.351	21
4.352	20
4.353	18
4.354	17
4.355	15
4.356	11
4.357	12
4.358	9
4.359	7
4.360	6
4.361	7
4.362	6
4.363	6
4.364	7
4.365	8
4.366	9
4.367	12
4.368	14
4.369	15
4.370	16
4.371	17
4.372	17
4.373	18
4.374	18
4.375	19
4.376	19
4.377	18
4.378	17
4.379	16
4.380	13
4.381	15
4.382	17
4.383	19
4.384	21
4.385	23
4.386	21
4.387	19
4.388	17
4.389	15
4.390	14
4.391	12
4.392	12
4.393	14
4.394	14
4.395	13
4.396	15
4.397	16
4.398	18
4.399	19
4.400	20
4.401	17
4.402	20
4.403	20
4.404	18
4.405	18
4.406	19
4.407	19
4.408	18
4.409	19
4.410	19
4.411	15
4.412	14
4.413	11
4.414	8
4.415	4
4.416	8
4.417	12
4.418	15
4.419	18
4.420	19
4.421	21
4.422	22
4.423	23
4.424	22
4.425	22
4.426	24
4.427	23
4.428	21
4.429	20
4.430	20
4.431	20
4.432	19
4.433	19
4.434	20
4.435	19
4.436	18
4.437	16
4.438	14
4.439	12
4.440	10
4.441	12
4.442	14
4.443	17
4.444	18
4.445	19
4.446	16
4.447	18
4.448	17
4.449	16
4.450	17
4.451	17
4.452	19
4.453	20
4.454	21
4.455	22
4.456	22
4.457	22
4.458	23
4.459	23
4.460	23
4.461	23
4.462	23
4.463	23
4.464	22
4.465	22
4.466	22
4.467	22
4.468	22
4.469	19
4.470	22
4.471	19
4.472	18
4.473	17
4.474	16
4.475	15
4.476	15
4.477	16
4.478	16
4.479	16
4.480	17
4.481	17
4.482	17
4.483	17
4.484	17
4.485	17
4.486	15
4.487	13
4.488	10
4.489	7
4.490	4
4.491	4
4.492	1
4.493	3
4.494	-4
4.495	-7
4.496	0
4.497	3
4.498	6
4.499	9
4.500	11
4.501	12
4.502	12
4.503	12
4.504	13
4.505	13
4.506	15
4.507	16
4.508	14
4.509	18
4.510	21
4.511	21
4.512	16
4.513	19
4.514	18
4.515	19
4.516	19
4.517	20
4.518	21
4.519	22
4.520	22
4.521	22
4.522	23
4.523	22
4.524	21
4.525	21
4.526	20
4.527	19
4.528	19
4.529	17
4.530	17
4.531	16
4.532	17
4.533	16
4.534	12
4.535	16
4.536	17
4.537	19
4.538	20
4.539	21
4.540	21
4.541	21
4.542	21
4.543	21
4.544	20
4.545	21
4.546	20
4.547	19
4.548	19
4.549	18
4.550	18
4.551	17
4.552	17
4.553	17
4.554	17
4.555	18
4.556	16
4.557	13
4.558	13
4.559	11
4.560	9
4.561	7
4.562	7
4.563	8
4.564	6
4.565	6
4.566	5
4.567	7
4.568	8
4.569	9
4.570	11
4.571	8
4.572	6
4.573	3
4.574	-3
4.575	-4
4.576	2
4.577	3
4.578	6
4.579	3
4.580	10
4.581	9
4.582	8
4.583	8
4.584	8
4.585	8
4.586	9
4.587	12
4.588	14
4.589	16
4.590	16
4.591	15
4.592	16
4.593	18
4.594	17
4.595	17
4.596	18
4.597	18
4.598	19
4.599	18
4.600	18
4.601	17
4.602	12
4.603	12
4.604	11
4.605	10
4.606	7
4.607	7
4.608	5
4.609	3
4.610	1
4.611	2
4.612	2
4.613	3
4.614	2
4.615	5
4.616	8
4.617	12
4.618	15
4.619	17
4.620	19
4.621	18
4.622	17
4.623	15
4.624	8
4.625	9
4.626	9
4.627	7
4.628	5
4.629	6
4.630	0
4.631	3
4.632	5
4.633	8
4.634	11
4.635	13
4.636	14
4.637	15
4.638	16
4.639	16
4.640	17
4.641	18
4.642	18
4.643	20
4.644	21
4.645	21
4.646	19
4.647	12
4.648	13
4.649	8
4.650	3
4.651	4
4.652	4
4.653	5
4.654	5
4.655	6
4.656	8
4.657	10
4.658	13
4.659	15
4.660	16
4.661	19
4.662	18
4.663	19
4.664	20
4.665	21
4.666	20
4.667	20
4.668	19
4.669	18
4.670	16
4.671	17
4.672	17
4.673	17
4.674	15
4.675	18
4.676	16
4.677	13
4.678	12
4.679	10
4.680	7
4.681	6
4.682	4
4.683	3
4.684	1
4.685	-4
4.686	-2
4.687	-2
4.688	-2
4.689	1
4.690	0
4.691	3
4.692	3
4.693	3
4.694	4
4.695	4
4.696	7
4.697	10
4.698	15
4.699	15
4.700	16
4.701	16
4.702	15
4.703	15
4.704	15
4.705	15
4.706	15
4.707	15
4.708	15
4.709	16
4.710	16
4.711	16
4.712	14
4.713	16
4.714	16
4.715	16
4.716	18
4.717	19
4.718	19
4.719	20
4.720	19
4.721	16
4.722	13
4.723	8
4.724	3
4.725	-5
4.726	-4
4.727	-4
4.728	-1
4.729	-1
4.730	-2
4.731	1
4.732	2
4.733	4
4.734	6
4.735	6
4.736	9
4.737	10
4.738	11
4.739	7
4.740	12
4.741	14
4.742	13
4.743	15
4.744	16
4.745	17
4.746	16
4.747	15
4.748	14
4.749	14
4.750	15
4.751	17
4.752	17
4.753	18
4.754	18
4.755	20
4.756	21
4.757	19
4.758	24
4.759	25
4.760	26
4.761	24
4.762	22
4.763	19
4.764	17
4.765	15
4.766	12
4.767	9
4.768	4
4.769	1
4.770	-5
4.771	-4
4.772	-4
4.773	-4
4.774	-3
4.775	-3
4.776	2
4.777	6
4.778	9
4.779	12
4.780	12
4.781	16
4.782	18
4.783	19
4.784	21
4.785	22
4.786	21
4.787	21
4.788	20
4.789	20
4.790	19
4.791	20
4.792	20
4.793	20
4.794	20
4.795	20
4.796	20
4.797	20
4.798	21
4.799	20
4.800	25
4.801	22
4.802	22
4.803	22
4.804	20
4.805	17
4.806	18
4.807	16
4.808	14
4.809	6
4.810	3
4.811	4
4.812	5
4.813	6
4.814	7
4.815	6
4.816	9
4.817	11
4.818	13
4.819	15
4.820	17
4.821	17
4.822	17
4.823	18
4.824	18
4.825	19
4.826	20
4.827	22
4.828	23
4.829	24
4.830	26
4.831	23
4.832	21
4.833	19
4.834	17
4.835	14
4.836	13
4.837	12
4.838	10
4.839	9
4.840	8
4.841	5
4.842	1
4.843	-4
4.844	-12
4.845	-19
4.846	-15
4.847	-10
4.848	-5
4.849	-2
4.850	1
4.851	-6
4.852	2
4.853	3
4.854	4
4.855	4
4.856	8
4.857	11
4.858	15
4.859	18
4.860	20
4.861	20
4.862	20
4.863	19
4.864	18
4.865	20
4.866	20
4.867	19
4.868	20
4.869	20
4.870	23
4.871	22
4.872	23
4.873	23
4.874	24
4.875	24
4.876	23
4.877	22
4.878	21
4.879	20
4.880	19
4.881	17
4.882	14

