Site	Hole	Core	Type	Section	Section_Depth	Sample_Depth	Age	d13C_C26FA 	d13C_C28FA 	d13C_C30FA 	d13C_C32FAC32	Mean_d13C_C26-C32FA 	Est_CO2_linear	Est_CO2_exponential 	
U1446	C	1	H	1	4	0.04	0.31	-25.39	-26.24	-26.85	-26.98	-26.36	242.37	240.04	
U1446	C	1	H	1	31	0.31	0.65	-26.07	-27.37	-28.12	-28.81	-27.59	254.99	253.67	
U1446	C	1	H	1	61	0.61	1.03	-25.97	-27.07	-27.53	-27.88	-27.11	250.05	248.25	
U1446	C	1	H	1	91	0.91	1.42	-25.29	-26.75	-26.32	-26.85	-26.30	241.73	239.37	
U1446	C	1	H	1	121	1.21	1.80	-25.44	-27.04	-26.76	-27.26	-26.63	245.06	242.88	
U1446	C	1	H	1	147	1.47	2.13	-25.29	-26.99	-26.95	-28.35	-26.89	247.81	245.82	
U1446	C	1	H	2	30	1.8	2.60	-25.07	-27.05	-27.08	-27.60	-26.70	245.82	243.69	
U1446	C	1	H	2	60	2.1	3.13	-25.72	-27.14	-27.64	-28.98	-27.37	252.70	251.14	
U1446	C	1	H	2	90	2.4	3.67	-25.67	-27.82	-28.86	-28.83	-27.80	257.08	256.01	
U1446	C	1	H	2	120	2.7	4.21	-25.64	-27.53	-28.20	-29.35	-27.68	255.88	254.67	
U1446	C	1	H	2	147	2.97	4.68	-25.69	-28.06	-27.51	-28.51	-27.44	253.45	251.97	
U1446	C	1	H	3	32	3.32	5.32	-25.43	-27.44	-28.33	-29.23	-27.61	255.16	253.87	
U1446	C	1	H	3	62	3.62	5.86	-25.67	-27.60	-28.61	-29.52	-27.85	257.64	256.63	
U1446	C	1	H	3	92	3.92	6.46	-25.77	-28.07	-28.22	-29.38	-27.86	257.75	256.76	
U1446	C	1	H	3	122	4.22	7.06	-26.69	-28.32	-28.34	-29.80	-28.29	262.14	261.74	
U1446	C	1	H	3	147	4.47	7.56	-25.98	-27.92	-28.40	-29.87	-28.04	259.61	258.85	
U1446	C	1	H	4	31	4.81	8.25	-26.89	-28.18	-28.99	-30.28	-28.58	265.19	265.26	
U1446	C	1	H	4	62	5.12	8.88	-26.76	-28.11	-29.05	-29.98	-28.47	264.05	263.94	
U1446	C	1	H	4	91	5.41	9.46	-26.49	-27.89	-28.25	-29.72	-28.09	260.06	259.37	
U1446	C	1	H	4	121	5.71	10.15	-25.89	-28.16	-28.09	-29.94	-28.02	259.37	258.58	
U1446	C	1	H	4	47	6.01	11.56	-25.44	-26.65	-26.73	-27.94	-26.69	245.74	243.61	
U1446	C	1	H	5	33	6.33	14.04	-24.66	-24.85	-25.38	-25.69	-25.14	229.83	227.21	
U1446	C	1	H	5	63	6.63	16.78	-22.60	-22.04	-23.42	-21.89	-22.49	202.53	201.62	
U1446	C	1	H	5	93	6.93	19.52	-22.85	-21.48	-21.91	-20.91	-21.79	195.31	195.35	
U1446	C	1	H	6	22	7.23	22.17	-21.37	-20.96	-21.74	-21.69	-21.44	191.76	192.33	
U1446	A	2	H	3	57	7.515	23.91	-23.05	-22.36	-22.76	-20.54	-22.17	199.30	198.79	
U1446	A	2	H	3	91	7.855	25.50	-23.20	-22.30	-22.11	-21.22	-22.21	199.64	199.08	
U1446	A	2	H	3	121	8.155	27.31	-23.07	-22.01	-21.62	-20.97	-21.92	196.65	196.50	
U1446	A	2	H	3	146	8.405	28.95	-22.75	-21.56	-21.93	-20.70	-21.73	194.77	194.89	
U1446	A	2	H	3	148	8.425	29.08	-23.45	-21.94	-23.17	-20.91	-22.37	201.29	200.53	
U1446	A	2	H	4	33	8.775	31.38	-23.67	-22.61	-23.45	-21.80	-22.88	206.56	205.21	
U1446	A	2	H	4	63	9.075	33.34	-23.91	-23.06	-23.52	-22.30	-23.19	209.79	208.13	
U1446	A	2	H	4	93	9.375	35.31	-24.49	-23.34	-23.07	-22.40	-23.32	211.12	209.35	
U1446	A	2	H	4	123	9.675	37.28	-23.25	-22.36	-22.98	-21.38	-22.49	202.57	201.66	
U1446	A	2	H	4	148	9.925	38.92	-25.08	-23.64	-23.36	-22.99	-23.77	215.67	213.56	
U1446	A	2	H	5	33	10.275	41.21	-23.93	-23.50	-23.30	-22.95	-23.42	212.07	210.22	
U1446	A	2	H	5	63	10.575	43.18	-24.76	-24.55	-23.50	-23.36	-24.04	218.50	216.22	
U1446	A	2	H	5	93	10.875	45.15	-23.32	-22.60	-22.96	-22.00	-22.72	204.88	203.71	
U1446	A	2	H	5	123	11.175	46.69	-23.73	-23.11	-21.89	-22.18	-22.73	204.99	203.80	
U1446	A	2	H	6	5	11.495	48.26	-25.41	-24.85	-23.22	-23.64	-24.28	220.95	218.55	
U1446	A	2	H	6	36	11.805	49.78	-25.60	-24.96	-23.48	-23.40	-24.36	221.74	219.31	
U1446	A	2	H	6	65	12.095	51.21	-24.57	-23.92	-22.57	-22.79	-23.46	212.54	210.66	
U1446	A	2	H	6	95	12.395	52.68	-25.20	-24.76	-23.15	-23.50	-24.15	219.63	217.29	
U1446	A	2	H	6	120	12.645	53.91	-25.27	-24.45	-23.65	-23.87	-24.31	221.22	218.82	
U1446	C	2	H	4	29	13.02	55.78	-23.16	-21.74	-21.78	-22.05	-22.18	199.38	198.86	
U1446	C	2	H	4	59	13.32	57.26	-22.09	-22.26	-22.97	-22.44	-22.44	202.02	201.17	
U1446	C	2	H	4	89	13.62	58.73	-22.42	-22.10	-24.56	-21.52	-22.65	204.18	203.08	
U1446	C	2	H	4	119	13.92	60.21	-22.75	-22.69	-23.50	-23.56	-23.12	209.06	207.47	
U1446	C	2	H	5	7	14.22	62.63	-22.75	-22.72	-23.74	-22.92	-23.03	208.11	206.61	
U1446	C	2	H	5	37	14.52	65.14	-22.93	-22.82	-23.86	-22.09	-22.92	207.00	205.61	
U1446	C	2	H	5	67	14.82	67.66	-22.78	-22.94	-24.19	-23.62	-23.38	211.72	209.90	
U1446	C	2	H	5	67	14.82	67.66	-22.78	-22.94	-24.19	-23.62	-23.38	211.72	209.90	
U1446	C	2	H	5	97	15.12	70.17	-23.23	-23.29	-23.91	-24.09	-23.63	214.25	212.23	
U1446	C	2	H	5	127	15.42	72.68	-23.00	-23.24	-23.93	-23.47	-23.41	211.99	210.15	
U1446	C	2	H	6	16	15.72	74.67	-23.65	-23.82	-24.80	-24.30	-24.14	219.54	217.21	
U1446	C	2	H	6	45	16.01	75.27	-22.25	-24.92	-25.63	-26.17	-24.74	225.70	223.15	
U1446	C	2	H	6	75	16.31	75.90	-23.86	-24.32	-25.13	-24.50	-24.45	222.73	220.26	
U1446	C	2	H	6	105	16.61	76.53	-23.00	-23.03	-24.00	-23.50	-23.38	211.72	209.90	
U1446	C	2	H	6	135	16.91	77.16	-23.17	-23.18	-23.56	-23.67	-23.40	211.86	210.02	
U1446	C	2	H	7	17	17.23	77.83	-23.32	-23.40	-23.51	-24.41	-23.66	214.56	212.53	
U1446	A	3	H	3	29	17.848	79.11	-25.49	-25.99	-25.01	-26.52	-25.75	236.10	233.54	
U1446	A	3	H	3	59	18.148	79.74	-25.19	-25.53	-25.47	-26.16	-25.59	234.37	231.78	
U1446	A	3	H	3	89	18.448	80.36	-25.46	-25.89	-25.72	-26.38	-25.86	237.21	234.68	
U1446	A	3	H	3	119	18.748	80.99	-25.73	-26.13	-25.91	-26.93	-26.17	240.42	237.99	
U1446	A	3	H	3	147	19.028	81.58	-25.19	-25.27	-25.11	-25.65	-25.31	231.49	228.87	
U1446	A	3	H	4	31	19.368	82.29	-24.60	-24.21	-23.95	-24.00	-24.19	220.03	217.68	
U1446	A	3	H	4	60	19.658	82.90	-23.96	-23.35	-23.43	-23.10	-23.46	212.53	210.64	
U1446	A	3	H	4	91	19.968	83.95	-23.87	-23.09	-23.37	-22.54	-23.22	210.01	208.33	
U1446	A	3	H	4	121	20.268	85.07	-23.88	-23.46	-23.68	-23.26	-23.57	213.69	211.71	
U1446	A	3	H	5	32	20.878	87.32	-25.07	-24.89	-24.96	-24.81	-24.93	227.66	225.07	
U1446	A	3	H	5	62	21.178	88.35	-24.60	-24.57	-25.16	-24.80	-24.78	226.12	223.55	
U1446	A	3	H	5	92	21.478	89.37	-24.36	-24.41	-25.45	-24.82	-24.76	225.88	223.32	
U1446	A	3	H	5	122	21.778	90.40	-24.51	-24.65	-25.86	-25.10	-25.03	228.65	226.04	
U1446	A	3	H	5	148	22.038	91.29	-24.63	-24.83	-26.09	-25.37	-25.23	230.68	228.06	
U1446	A	3	H	6	31	22.368	92.42	-24.57	-25.29	-26.42	-25.72	-25.50	233.48	230.88	
U1446	A	3	H	6	61	22.668	93.45	-24.21	-24.00	-24.90	-24.17	-24.32	221.35	218.93	
U1446	A	3	H	6	91	22.968	94.47	-24.68	-25.12	-26.24	-25.90	-25.49	233.33	230.73	
U1446	C	3	H	4	63	23.263	95.50	-24.01	-25.10	-25.10	-26.13	-25.08	229.21	226.60	
U1446	C	3	H	4	93	23.563	96.53	-24.14	-25.07	-25.44	-25.47	-25.03	228.65	226.05	
U1446	C	3	H	4	123	23.863	97.56	-24.53	-25.11	-25.33	-26.81	-25.44	232.90	230.29	
U1446	C	3	H	5	10	24.183	98.65	-25.74	-24.77	-24.97	-25.79	-25.32	231.59	228.98	
U1446	C	3	H	5	40	24.483	99.68	-23.07	-23.71	-24.18	-24.01	-23.74	215.44	213.35	
U1446	C	3	H	5	70	24.783	100.71	-23.38	-23.44	-23.94	-23.55	-23.58	213.75	211.77	
U1446	C	3	H	5	100	25.083	101.73	-24.18	-24.53	-25.17	-25.19	-24.77	225.97	223.41	
U1446	C	3	H	5	130	25.383	102.76	-24.53	-24.41	-24.55	-24.17	-24.41	222.31	219.86	
U1446	C	3	H	6	14	25.683	103.79	-23.93	-24.32	-24.93	-24.70	-24.47	222.91	220.44	
U1446	C	3	H	6	44	25.983	104.81	-23.67	-24.26	-26.93	-25.31	-25.04	228.80	226.20	
U1446	C	3	H	6	74	26.283	105.84	-23.45	-23.09	-23.34	-23.38	-23.31	211.01	209.25	
U1446	A	4	H	2	86	26.582	106.87	-25.19	-25.63	-26.50	-26.69	-26.00	238.67	236.18	
U1446	A	4	H	2	116	26.882	107.89	-24.20	-24.22	-24.92	-24.71	-24.51	223.32	220.83	
U1446	A	4	H	2	146	27.182	108.94	-24.45	-24.67	-25.31	-25.20	-24.91	227.38	224.80	
U1446	A	4	H	3	28	27.502	110.18	-24.72	-25.10	-26.20	-25.78	-25.45	232.95	230.34	
U1446	A	4	H	3	58	27.802	111.35	-25.00	-25.33	-26.44	-25.73	-25.62	234.75	232.17	
U1446	A	4	H	3	88	28.102	112.52	-25.05	-25.63	-27.09	-26.09	-25.97	238.27	235.77	
U1446	A	4	H	3	118	28.402	113.68	-25.17	-26.03	-27.76	-26.20	-26.29	241.62	239.25	
U1446	A	4	H	3	148	28.702	114.85	-25.27	-26.11	-27.21	-26.17	-26.19	240.56	238.14	
U1446	A	4	H	4	30	29.022	116.10	-25.58	-26.49	-27.52	-27.17	-26.69	245.73	243.59	
U1446	A	4	H	4	60	29.322	117.26	-25.74	-26.99	-28.36	-28.25	-27.33	252.33	250.74	
U1446	A	4	H	4	90	29.622	118.43	-25.78	-27.53	-28.20	-28.63	-27.53	254.38	253.00	
U1446	A	4	H	4	120	29.922	119.60	-25.97	-27.86	-28.45	-29.15	-27.86	257.70	256.70	
U1446	A	4	H	4	147	30.192	120.65	-26.45	-28.08	-28.96	-29.81	-28.33	262.53	262.19	
U1446	A	4	H	5	32	30.542	122.01	-27.44	-29.12	-29.44	-30.47	-29.12	270.68	271.71	
U1446	A	4	H	5	62	30.842	123.18	-27.23	-28.54	-29.75	-30.90	-29.11	270.55	271.56	
U1446	A	4	H	5	92	31.142	124.35	-27.10	-28.53	-29.45	-30.62	-28.93	268.71	269.38	
U1446	A	4	H	5	122	31.442	125.51	-27.24	-28.79	-29.44	-30.84	-29.08	270.25	271.20	
U1446	C	4	H	3	17	31.727	126.60	-24.66	-27.07	-27.38	-29.35	-27.11	250.08	248.28	
U1446	C	4	H	3	17	31.727	126.60	-24.66	-27.07	-27.38	-29.35	-27.11	250.08	248.28	
U1446	C	4	H	3	77	32.327	128.94	-22.80	-22.89	-24.37	-22.93	-23.25	210.34	208.63	
U1446	C	4	H	3	107	32.627	131.66	-22.25	-22.30	-22.95	-22.02	-22.38	201.44	200.66	
U1446	C	4	H	3	136	32.917	134.31	-21.84	-23.32	-22.54	-22.63	-22.58	203.48	202.46	
U1446	C	4	H	4	21	33.227	137.15	-22.33	-22.27	-21.52	-23.64	-22.44	202.07	201.21	
U1446	C	4	H	4	51	33.527	139.89	-22.31	-21.80	-21.52	-22.18	-21.95	197.03	196.82	
U1446	C	4	H	4	81	33.827	142.64	-21.31	-21.80	-20.83	-21.42	-21.34	190.70	191.44	
U1446	C	4	H	4	81	33.827	142.64	-21.14	-20.52	-20.66	-21.52	-20.96	186.81	188.21	
U1446	C	4	H	4	111	34.127	145.38	-21.39	-20.90	-21.10	-21.56	-21.24	189.66	190.57	
U1446	C	4	H	4	111	34.127	145.38	-21.60	-21.46	-21.68	-20.46	-21.30	190.31	191.12	
U1446	C	4	H	4	141	34.427	148.13	-21.87	-21.27	-21.58	-20.94	-21.41	191.48	192.10	
U1446	C	4	H	4	141	34.427	148.13	-21.10	-21.14	-22.53	-21.46	-21.56	192.95	193.34	
U1446	C	4	H	5	25	34.727	150.87	-21.86	-21.46	-22.23	-20.46	-21.50	192.38	192.86	
U1446	C	4	H	5	115	35.627	159.11	-22.59	-22.60	-21.58	-22.17	-22.24	199.93	199.34	
U1446	C	4	H	5	145	35.927	161.85	-23.89	-23.57	-22.24	-22.46	-23.04	208.18	206.67	
U1446	C	4	H	6	26	36.207	164.41	-22.72	-23.00	-24.37	-22.84	-23.23	210.15	208.46	
U1446	C	4	H	6	56	36.507	167.16	-23.06	-23.72	-23.94	-23.59	-23.58	213.74	211.77	
U1446	C	4	H	6	86	36.807	169.90	-23.16	-23.89	-24.72	-24.60	-24.09	219.00	216.69	
U1446	C	4	H	6	116	37.107	172.65	-22.58	-22.60	-22.75	-20.97	-22.23	199.86	199.28	
U1446	C	4	H	6	145	37.397	175.30	-22.60	-22.81	-22.36	-21.09	-22.22	199.73	199.16	
U1446	C	4	H	7	30	37.707	178.14	-23.04	-22.50	-22.60	-23.81	-22.99	207.66	206.20	
U1446	A	5	H	3	84	38.009	180.88	-24.87	-24.71	-25.23	-24.61	-24.85	226.83	224.26	
U1446	A	5	H	3	114	38.309	183.63	-24.45	-24.72	-25.29	-24.53	-24.75	225.77	223.21	
U1446	A	5	H	4	31	38.919	189.21	-25.03	-25.08	-25.68	-24.86	-25.16	230.02	227.41	
U1446	A	5	H	4	61	39.219	191.95	-23.59	-23.57	-24.50	-22.92	-23.64	214.41	212.38	
U1446	A	5	H	4	91	39.519	192.88	-24.36	-23.90	-23.53	-23.16	-23.73	215.34	213.25	
U1446	A	5	H	4	121	39.819	193.72	-23.99	-24.02	-23.73	-23.66	-23.85	216.54	214.37	
U1446	A	5	H	5	7	40.109	194.52	-24.08	-23.22	-23.52	-23.01	-23.46	212.51	210.63	
U1446	A	5	H	5	37	40.409	195.36	-24.50	-24.78	-25.18	-25.22	-24.92	227.51	224.92	
U1446	A	5	H	5	67	40.709	196.19	-25.18	-25.66	-26.50	-26.86	-26.05	239.13	236.66	
U1446	A	5	H	5	97	41.009	197.02	-25.58	-26.40	-27.08	-27.59	-26.66	245.44	243.29	
U1446	A	5	H	5	127	41.309	197.86	-26.02	-27.31	-27.94	-28.60	-27.47	253.74	252.29	
U1446	A	5	H	6	6	41.599	198.66	-25.96	-27.03	-27.70	-28.50	-27.30	251.96	250.33	
U1446	A	5	H	6	41	41.949	199.64	-25.78	-26.73	-27.06	-27.67	-26.81	246.96	244.91	
U1446	A	5	H	6	66	42.199	200.33	-25.66	-26.70	-27.02	-27.64	-26.76	246.42	244.34	
U1446	A	5	H	6	96	42.499	201.17	-25.21	-25.90	-25.73	-25.81	-25.66	235.13	232.55	
U1446	A	5	H	6	126	42.799	202.00	-24.44	-24.63	-24.57	-23.87	-24.38	221.97	219.53	
U1446	A	5	H	7	9	43.099	202.83	-23.96	-23.86	-24.35	-23.07	-23.81	216.13	213.99	
U1446	C	5	H	4	45	43.396	203.67	-23.97	-23.97	-24.94	-24.93	-24.45	222.70	220.23	
U1446	C	5	H	4	105	43.996	205.40	-23.59	-24.80	-22.99	-22.40	-23.44	212.36	210.48	
U1446	C	5	H	5	14	44.596	207.30	-25.06	-25.39	-26.26	-25.21	-25.48	233.26	230.66	
U1446	C	5	H	5	44	44.896	208.25	-25.07	-26.61	-26.73	-27.35	-26.44	243.14	240.85	
U1446	C	5	H	5	74	45.196	209.20	-25.29	-25.97	-26.89	-27.92	-26.51	243.90	241.66	
U1446	C	5	H	5	104	45.496	210.15	-25.68	-26.59	-27.16	-27.52	-26.74	246.20	244.10	
U1446	C	5	H	5	134	45.796	211.11	-25.39	-26.86	-27.33	-27.78	-26.84	247.26	245.23	
U1446	C	5	H	6	13	46.096	212.06	-25.61	-26.30	-26.67	-28.35	-26.73	246.14	244.03	
U1446	C	5	H	6	43	46.396	213.01	-25.61	-26.44	-26.44	-27.95	-26.61	244.89	242.71	
U1446	C	5	H	6	103	46.996	214.91	-25.83	-26.47	-26.56	-27.94	-26.70	245.80	243.67	
U1446	C	5	H	6	103	46.996	214.91	-25.86	-26.60	-26.52	-28.05	-26.76	246.38	244.29	
U1446	C	5	H	6	133	47.296	215.86	-25.54	-26.08	-25.91	-26.42	-25.99	238.47	235.98	
U1446	C	5	H	7	12	47.596	216.81	-24.92	-24.83	-24.59	-25.55	-24.97	228.08	225.48	
U1446	A	6	H	2	118	47.869	217.67	-23.97	-23.27	-23.24	-22.86	-23.33	211.21	209.43	
U1446	A	6	H	3	30	48.199	218.71	-24.37	-24.01	-22.21	-21.61	-23.05	208.30	206.78	
U1446	A	6	H	3	60	48.499	219.66	-22.33	-21.83	-21.63	-21.08	-21.72	194.62	194.76	
U1446	A	6	H	4	9	48.809	220.65	-22.76	-21.97	-21.78	-21.39	-21.97	197.25	197.01	
U1446	A	6	H	4	39	49.109	221.78	-22.64	-22.23	-22.38	-21.69	-22.24	199.93	199.34	
U1446	A	6	H	4	72	49.439	223.29	-23.57	-23.26	-23.03	-22.41	-23.07	208.46	206.92	
U1446	A	6	H	4	99	49.709	224.52	-23.95	-23.53	-23.55	-22.38	-23.35	211.40	209.61	
U1446	A	6	H	4	129	50.009	225.89	-23.93	-23.95	-25.18	-23.92	-24.25	220.60	218.22	
U1446	A	6	H	5	20	50.319	227.31	-23.92	-23.92	-24.80	-23.51	-24.04	218.45	216.17	
U1446	C	6	H	2	12	50.629	228.72	-24.60	-25.09	-25.79	-26.15	-25.41	232.53	229.92	
U1446	C	6	H	2	42	50.929	230.09	-24.81	-24.76	-25.94	-24.26	-24.94	227.74	225.15	
U1446	C	6	H	2	72	51.229	231.34	-24.73	-25.04	-25.52	-25.65	-25.23	230.76	228.14	
U1446	C	6	H	2	132	51.829	233.86	-25.90	-27.30	-27.45	-28.55	-27.30	251.96	250.33	
U1446	C	6	H	3	22	52.139	235.15	-25.57	-26.80	-27.85	-28.23	-27.11	250.04	248.24	
U1446	C	6	H	3	52	52.439	236.41	-26.34	-27.46	-28.02	-28.94	-27.69	255.98	254.77	
U1446	C	6	H	3	52	52.439	236.41	-26.00	-27.60	-27.88	-28.60	-27.52	254.25	252.85	
U1446	C	6	H	3	82	52.739	237.66	-26.38	-28.71	-28.21	-28.45	-27.94	258.54	257.64	
U1446	C	6	H	3	112	53.039	238.92	-26.73	-28.67	-28.22	-29.84	-28.37	262.94	262.66	
U1446	C	6	H	4	6	53.339	240.18	-27.18	-29.00	-28.15	-27.83	-28.04	259.59	258.83	
U1446	C	6	H	4	36	53.639	241.43	-25.50	-25.42	-25.09	-24.59	-25.15	229.87	227.26	
U1446	C	6	H	4	66	53.939	242.69	-24.35	-23.94	-23.53	-22.55	-23.59	213.87	211.89	
U1446	C	6	H	4	96	54.239	244.40	-23.95	-25.13	-22.87	-21.46	-23.35	211.39	209.59	
U1446	C	6	H	4	126	54.539	246.64	-23.94	-24.31	-23.91	-21.38	-23.38	211.73	209.90	
U1446	C	6	H	5	13	54.839	248.89	-23.59	-23.61	-21.11	-21.96	-22.57	203.35	202.35	
U1446	C	6	H	5	73	55.439	253.37	-24.49	-24.66	-22.11	-23.46	-23.68	214.78	212.73	
U1446	C	6	H	5	103	55.739	255.62	-24.54	-23.53	-23.36	-22.71	-23.54	213.29	211.35	
U1446	C	6	H	5	133	56.039	257.86	-25.07	-23.98	-23.24	-22.67	-23.74	215.37	213.28	
U1446	C	6	H	6	20	56.349	260.18	-23.75	-22.29	-22.09	-21.34	-22.37	201.28	200.52	
U1446	C	6	H	6	50	56.649	262.43	-23.66	-22.27	-22.51	-21.38	-22.45	202.15	201.29	
U1446	C	6	H	6	80	56.949	264.67	-22.91	-22.40	-22.15	-21.10	-22.14	198.96	198.49	
U1446	C	6	H	6	110	57.249	266.91	-24.05	-23.35	-22.48	-23.29	-23.29	210.76	209.02	
U1446	A	7	H	1	60	57.543	269.16	-23.12	-22.95	-23.29	-22.25	-22.90	206.77	205.40	
U1446	A	7	H	1	90	57.843	271.40	-23.21	-23.08	-23.48	-22.08	-22.96	207.40	205.97	
U1446	A	7	H	1	120	58.143	273.65	-24.03	-24.54	-23.92	-22.91	-23.85	216.51	214.35	
U1446	A	7	H	2	4	58.443	275.89	-24.12	-25.16	-24.81	-24.03	-24.53	223.51	221.02	
U1446	A	7	H	2	34	58.743	278.14	-23.99	-24.88	-24.77	-24.86	-24.63	224.50	221.98	
U1446	A	7	H	2	64	59.043	280.38	-24.13	-25.42	-24.68	-25.09	-24.83	226.60	224.03	
U1446	A	7	H	2	94	59.343	282.62	-23.86	-24.71	-24.01	-24.34	-24.23	220.42	218.05	
U1446	A	7	H	2	124	59.643	284.87	-23.15	-23.06	-22.10	-21.59	-22.48	202.39	201.50	
U1446	A	7	H	3	22	59.933	286.88	-22.68	-22.47	-21.92	-21.02	-22.02	197.75	197.45	
U1446	A	7	H	3	52	60.233	288.95	-22.72	-22.77	-22.11	-21.33	-22.23	199.89	199.30	
U1446	A	7	H	4	6	60.533	291.02	-23.17	-23.01	-22.63	-21.47	-22.57	203.35	202.35	
U1446	A	7	H	4	36	60.833	293.09	-23.33	-23.57	-23.86	-22.98	-23.43	212.25	210.39	
U1446	A	7	H	4	66	61.133	295.16	-23.84	-24.49	-24.27	-23.60	-24.05	218.58	216.29	
U1446	A	7	H	4	96	61.433	297.23	-23.83	-23.85	-24.45	-23.31	-23.86	216.65	214.47	
U1446	C	7	H	2	50	61.727	299.23	-24.94	-25.54	-26.41	-25.81	-25.68	235.30	232.73	
U1446	C	7	H	2	80	62.027	301.30	-25.68	-26.31	-26.88	-25.98	-26.21	240.79	238.38	
U1446	C	7	H	2	110	62.327	303.37	-24.79	-28.92	-25.84	-24.95	-26.12	239.89	237.45	
U1446	C	7	H	2	140	62.627	305.44	-25.54	-26.26	-25.67	-25.58	-25.76	236.14	233.58	
U1446	C	7	H	3	23	62.927	307.51	-25.90	-26.75	-26.76	-27.23	-26.66	245.41	243.25	
U1446	C	7	H	3	53	63.227	309.58	-25.42	-27.09	-27.32	-28.85	-27.17	250.68	248.93	
U1446	C	7	H	3	83	63.527	311.65	-25.96	-26.85	-27.29	-27.49	-26.90	247.85	245.87	
U1446	C	7	H	3	113	63.827	313.72	-25.38	-26.14	-27.70	-27.67	-26.72	246.06	243.95	
U1446	C	7	H	3	139	64.087	315.51	-24.61	-25.57	-27.10	-24.79	-25.52	233.69	231.08	
U1446	C	7	H	4	32	64.437	317.93	-25.47	-26.50	-27.99	-26.91	-26.72	246.01	243.90	
U1446	C	7	H	4	32	64.437	317.93	-25.39	-26.56	-28.06	-27.37	-26.84	247.28	245.26	
U1446	C	7	H	4	62	64.737	320.00	-25.44	-26.55	-27.70	-28.33	-27.00	248.95	247.06	
U1446	C	7	H	4	92	65.037	322.07	-24.56	-27.42	-27.36	-25.92	-26.32	241.87	239.51	
U1446	C	7	H	4	122	65.337	324.14	-25.97	-28.34	-28.45	-29.33	-28.02	259.40	258.62	
U1446	C	7	H	5	10	65.627	326.14	-26.84	-29.18	-29.49	-29.99	-28.88	268.18	268.75	
U1446	C	7	H	5	44	65.967	328.48	-27.26	-29.36	-29.86	-30.04	-29.13	270.81	271.87	
U1446	C	7	H	5	100	66.527	332.35	-27.76	-28.20	-28.42	-28.35	-28.18	261.05	260.49	
U1446	C	7	H	5	130	66.827	334.42	-25.26	-24.72	-25.62	-23.96	-24.89	227.19	224.60	
U1446	C	7	H	6	18	67.127	336.49	-24.24	-23.89	-24.82	-24.11	-24.27	220.80	218.41	
U1446	C	7	H	6	78	67.727	340.79	-21.96	-21.75	-22.97	-22.78	-22.37	201.27	200.51	
U1446	C	7	H	6	108	68.027	342.97	-23.23	-22.90	-22.62	-23.48	-23.06	208.38	206.85	
U1446	C	7	H	6	138	68.327	345.15	-22.20	-21.78	-21.94	-21.58	-21.87	196.21	196.12	
U1446	A	8	H	3	24	68.619	347.26	-23.05	-22.36	-22.75	-21.43	-22.39	201.56	200.77	
U1446	A	8	H	3	54	68.919	349.44	-22.21	-21.43	-21.88	-20.40	-21.48	192.15	192.66	
U1446	A	8	H	3	84	69.219	351.62	-21.61	-20.86	-21.07	-20.14	-20.92	186.39	187.86	
U1446	A	8	H	4	5	69.529	353.87	-21.99	-21.51	-21.83	-20.73	-21.52	192.54	192.99	
U1446	A	8	H	4	35	69.829	356.05	-22.07	-21.70	-21.83	-21.36	-21.74	194.84	194.94	
U1446	A	8	H	4	69	70.169	358.52	-22.21	-21.87	-22.20	-21.52	-21.95	196.99	196.79	
U1446	A	8	H	4	95	70.429	360.41	-23.29	-23.29	-24.10	-23.49	-23.54	213.37	211.42	
U1446	A	8	H	4	124	70.719	362.52	-23.48	-23.36	-23.93	-23.45	-23.55	213.49	211.53	
U1446	A	8	H	5	27	71.029	364.77	-23.94	-23.75	-23.88	-23.88	-23.86	216.64	214.47	
U1446	A	8	H	5	57	71.329	366.95	-24.03	-24.02	-23.96	-23.98	-23.99	218.01	215.76	
U1446	A	8	H	5	87	71.629	369.13	-24.22	-24.37	-24.24	-24.72	-24.39	222.03	219.59	
U1446	A	8	H	5	117	71.929	371.31	-24.21	-24.34	-24.65	-24.66	-24.47	222.85	220.38	
U1446	A	8	H	5	145	72.209	373.35	-24.13	-24.38	-25.23	-24.99	-24.68	225.08	222.54	
U1446	A	8	H	6	29	72.529	375.67	-24.41	-24.62	-25.07	-25.53	-24.91	227.40	224.81	
U1446	A	8	H	6	57	72.809	377.71	-24.53	-25.09	-25.35	-25.77	-25.18	230.23	227.61	
U1446	A	8	H	6	89	73.129	380.03	-24.87	-25.75	-26.05	-26.96	-25.91	237.67	235.15	
U1446	A	8	H	6	119	73.429	382.21	-24.54	-24.87	-25.60	-25.67	-25.17	230.08	227.47	
U1446	A	8	H	7	33	74.029	385.73	-25.28	-26.13	-27.13	-27.65	-26.55	244.27	242.05	
U1446	C	8	H	4	68	74.336	387.54	-25.82	-25.99	-27.80	-26.86	-26.62	244.95	242.77	
U1446	C	8	H	4	98	74.636	389.29	-26.19	-27.14	-28.27	-27.81	-27.35	252.53	250.95	
U1446	C	8	H	4	128	74.936	391.04	-25.85	-27.39	-28.39	-29.01	-27.66	255.68	254.44	
U1446	C	8	H	5	27	75.226	392.74	-26.01	-27.73	-28.90	-29.34	-28.00	259.13	258.32	
U1446	C	8	H	5	57	75.536	394.55	-26.02	-28.13	-29.27	-29.85	-28.32	262.48	262.13	
U1446	C	8	H	5	87	75.836	396.30	-26.31	-28.53	-29.64	-30.48	-28.74	266.81	267.14	
U1446	C	8	H	5	117	76.136	398.05	-27.50	-29.32	-30.09	-31.79	-29.68	276.41	278.61	
U1446	C	8	H	6	61	77.036	403.31	-27.93	-30.12	-30.68	-32.44	-30.29	282.76	286.47	
U1446	C	8	H	6	91	77.336	405.06	-26.44	-28.89	-29.63	-31.33	-29.07	270.18	271.12	
U1446	A	9	H	1	1	77.561	406.41	-26.81	-28.91	-29.62	-30.86	-29.05	270.00	270.90	
U1446	C	8	H	7	11	77.956	408.69	-27.22	-28.87	-29.74	-31.65	-29.37	273.24	274.77	
U1446	A	9	H	1	71	78.261	410.50	-27.01	-28.93	-29.91	-31.14	-29.25	272.00	273.29	
U1446	A	9	H	1	101	78.561	412.25	-26.79	-28.63	-29.36	-30.20	-28.74	266.83	267.17	
U1446	A	9	H	1	131	78.861	414.00	-25.76	-27.75	-29.24	-30.28	-28.26	261.81	261.36	
U1446	A	9	H	2	13	79.171	415.81	-25.77	-27.53	-29.27	-30.26	-28.21	261.31	260.80	
U1446	A	9	H	2	43	79.471	417.57	-25.92	-27.64	-29.20	-30.10	-28.22	261.39	260.88	
U1446	A	9	H	3	17	80.671	424.57	-25.95	-27.38	-28.36	-29.65	-27.83	257.48	256.45	
U1446	A	9	H	3	47	80.971	426.33	-25.93	-27.06	-27.93	-28.96	-27.47	253.73	252.28	
U1446	A	9	H	4	6	81.301	428.27	-22.68	-22.04	-22.91	-21.34	-22.24	200.00	199.40	
U1446	A	9	H	4	34	81.581	431.37	-22.46	-21.79	-22.29	-21.09	-21.91	196.57	196.43	
U1446	A	9	H	4	66	81.901	434.91	-22.80	-22.15	-22.72	-21.11	-22.20	199.52	198.98	
U1446	A	9	H	4	92	82.161	437.45	-21.55	-21.14	-21.53	-20.67	-21.22	189.51	190.45	
U1446	A	9	H	5	30	82.491	439.89	-22.38	-21.77	-21.37	-20.73	-21.56	192.98	193.36	
U1446	A	9	H	5	59	82.781	442.03	-22.70	-22.38	-21.65	-20.61	-21.83	195.79	195.76	
U1446	A	9	H	6	14	83.101	444.40	-21.94	-21.53	-21.26	-20.36	-21.27	190.01	190.86	
U1446	A	9	H	6	44	83.401	446.62	-22.67	-22.62	-22.76	-21.10	-22.29	200.48	199.82	
U1446	C	9	H	1	143	83.775	449.36	-22.09	-22.22	-21.51	-20.51	-21.58	193.21	193.56	
U1446	C	9	H	2	32	84.115	451.87	-23.55	-23.31	-22.93	-22.25	-23.01	207.91	206.43	
U1446	C	9	H	2	62	84.415	454.09	-23.05	-22.01	-22.34	-21.29	-22.17	199.28	198.77	
U1446	C	9	H	2	92	84.715	456.31	-22.98	-23.25	-22.35	-21.58	-22.54	203.08	202.10	
U1446	C	9	H	2	122	85.015	458.53	-23.47	-23.98	-23.01	-22.05	-23.13	209.09	207.49	
U1446	C	9	H	3	13	85.325	460.82	-23.79	-23.52	-24.21	-22.78	-23.58	213.70	211.73	
U1446	C	9	H	3	73	85.925	465.26	-21.79	-22.20	-22.40	-21.44	-21.96	197.08	196.87	
U1446	C	9	H	3	103	86.225	467.48	-24.60	-25.27	-25.49	-23.90	-24.82	226.47	223.89	
U1446	C	9	H	4	9	86.515	469.62	-24.87	-25.55	-26.80	-25.83	-25.76	236.21	233.65	
U1446	C	9	H	4	39	86.815	471.84	-25.04	-25.85	-26.42	-25.69	-25.75	236.05	233.49	
U1446	C	9	H	4	69	87.115	474.06	-25.40	-26.46	-27.35	-27.74	-26.74	246.22	244.12	
U1446	C	9	H	4	99	87.415	476.28	-24.75	-26.00	-26.52	-27.77	-26.26	241.30	238.91	
U1446	C	9	H	4	129	87.715	478.50	-25.60	-26.67	-26.71	-26.55	-26.38	242.56	240.24	
U1446	C	9	H	5	23	88.005	480.64	-23.74	-25.13	-25.46	-24.93	-24.82	226.45	223.88	
U1446	C	9	H	5	53	88.305	482.86	-24.31	-26.09	-26.00	-26.18	-25.65	234.98	232.40	
U1446	A	10	H	2	53	88.785	486.41	-25.53	-26.53	-27.19	-27.83	-26.77	246.54	244.46	
U1446	A	10	H	2	113	89.385	490.85	-25.22	-26.46	-27.22	-28.02	-26.73	246.13	244.02	
U1446	A	10	H	3	1	89.685	492.46	-25.70	-27.03	-28.24	-28.83	-27.45	253.53	252.05	
U1446	A	10	H	3	33	90.005	494.15	-25.74	-27.23	-28.64	-29.11	-27.68	255.88	254.67	
U1446	A	10	H	3	62	90.295	495.68	-25.01	-26.63	-28.25	-28.70	-27.15	250.41	248.64	
U1446	A	10	H	3	92	90.595	497.27	-25.09	-26.25	-27.68	-28.41	-26.86	247.43	245.42	
U1446	A	10	H	3	122	90.895	498.85	-24.81	-25.91	-27.05	-28.29	-26.52	243.93	241.68	
U1446	A	10	H	4	24	91.195	500.44	-25.19	-26.06	-26.31	-27.75	-26.32	241.96	239.61	
U1446	A	10	H	4	53	91.485	501.97	-25.09	-26.10	-26.01	-27.36	-26.14	240.05	237.61	
U1446	A	10	H	4	84	91.795	503.61	-24.81	-25.76	-25.75	-27.02	-25.84	236.95	234.41	
U1446	A	10	H	5	13	92.105	505.25	-24.67	-25.52	-25.82	-26.86	-25.72	235.70	233.13	
U1446	A	10	H	5	43	92.405	506.83	-25.13	-25.84	-26.25	-27.48	-26.17	240.41	237.99	
U1446	A	10	H	5	73	92.705	508.42	-24.95	-25.67	-26.59	-27.54	-26.18	240.52	238.10	
U1446	A	10	H	5	103	93.005	510.00	-25.20	-25.91	-27.24	-27.89	-26.56	244.38	242.16	
U1446	A	10	H	6	9	93.325	511.69	-24.91	-26.13	-27.45	-27.76	-26.56	244.41	242.19	
U1446	A	10	H	6	39	93.625	513.40	-24.92	-26.01	-27.54	-27.84	-26.58	244.56	242.35	
U1446	A	10	H	6	73	93.965	516.02	-25.18	-26.50	-28.36	-28.91	-27.24	251.35	249.66	
U1446	A	10	H	6	99	94.225	518.02	-25.24	-26.33	-28.17	-28.91	-27.16	250.54	248.78	
U1446	A	10	H	6	129	94.525	520.32	-25.06	-26.15	-27.32	-28.46	-26.75	246.29	244.19	
U1446	A	10	H	7	16	94.825	522.63	-25.33	-26.13	-26.98	-28.26	-26.67	245.56	243.41	
U1446	C	10	H	2	95	95.039	524.25	-24.68	-25.14	-25.79	-27.78	-25.85	237.07	234.53	
U1446	C	10	H	3	51	95.939	531.16	-24.18	-23.24	-23.96	-23.57	-23.74	215.38	213.28	
U1446	C	10	H	3	81	96.239	533.47	-23.69	-23.14	-23.32	-22.59	-23.19	209.69	208.04	
U1446	C	10	H	3	111	96.539	535.87	-23.41	-23.04	-23.52	-22.46	-23.11	208.89	207.32	
U1446	C	10	H	3	141	96.839	538.54	-24.34	-24.40	-24.53	-24.24	-24.38	221.97	219.53	
U1446	C	10	H	4	28	97.149	541.31	-22.89	-23.26	-23.57	-23.85	-23.39	211.80	209.97	
U1446	C	10	H	4	58	97.449	543.98	-24.23	-24.58	-24.71	-24.18	-24.42	222.42	219.96	
U1446	C	10	H	4	88	97.749	546.65	-23.85	-24.73	-26.25	-25.89	-25.18	230.21	227.60	
U1446	C	10	H	4	118	98.049	549.32	-24.80	-25.57	-25.13	-25.65	-25.29	231.29	228.68	
U1446	C	10	H	5	38	98.669	554.40	-23.83	-24.19	-24.32	-25.28	-24.41	222.25	219.80	
U1446	C	10	H	5	68	98.969	556.23	-25.08	-26.49	-25.90	-26.42	-25.97	238.34	235.84	
U1446	C	10	H	5	98	99.269	558.06	-25.39	-26.02	-26.47	-28.41	-26.57	244.51	242.30	
U1446	C	10	H	5	128	99.569	559.90	-26.29	-27.41	-27.62	-29.52	-27.71	256.21	255.03	
U1446	C	10	H	6	18	99.889	561.85	-25.55	-25.97	-27.05	-26.13	-26.17	240.41	237.99	
U1446	A	11	H	2	15	99.904	561.97	-24.07	-24.29	-25.63	-24.94	-24.73	225.59	223.04	
U1446	A	11	H	2	45	100.204	563.80	-24.25	-24.98	-26.16	-26.19	-25.39	232.38	229.76	
U1446	A	11	H	3	18	100.504	565.63	-24.78	-25.49	-26.73	-27.01	-26.01	238.67	236.19	
U1446	A	11	H	3	48	100.804	567.47	-24.96	-26.34	-27.55	-27.64	-26.62	245.00	242.82	
U1446	A	11	H	3	78	101.104	569.30	-25.07	-26.51	-27.89	-28.29	-26.94	248.28	246.34	
U1446	A	11	H	3	108	101.404	571.13	-25.15	-26.67	-28.16	-28.75	-27.18	250.79	249.05	
U1446	A	11	H	3	137	101.694	572.90	-25.90	-27.20	-27.95	-28.74	-27.45	253.48	252.00	
U1446	A	11	H	4	29	102.014	574.85	-25.98	-27.59	-28.37	-29.29	-27.81	257.22	256.16	
U1446	A	11	H	4	59	102.314	576.68	-25.88	-27.15	-28.04	-29.34	-27.60	255.11	253.81	
U1446	A	11	H	4	87	102.594	578.39	-25.09	-25.41	-26.17	-27.28	-25.99	238.50	236.01	
U1446	A	11	H	4	119	102.914	580.35	-23.19	-22.90	-23.23	-22.87	-23.05	208.28	206.76	
U1446	A	11	H	5	5	103.214	582.23	-24.04	-24.24	-23.72	-23.73	-23.93	217.37	215.16	
U1446	A	11	H	5	35	103.514	584.13	-24.07	-24.48	-25.05	-24.03	-24.41	222.24	219.80	
U1446	A	11	H	5	65	103.814	586.02	-24.09	-24.48	-25.72	-25.42	-24.93	227.59	225.00	
U1446	A	11	H	5	95	104.114	587.92	-24.71	-25.30	-26.93	-26.43	-25.84	236.98	234.45	
U1446	A	11	H	5	125	104.414	589.81	-24.29	-24.97	-26.14	-25.41	-25.20	230.38	227.77	
U1446	A	11	H	6	4	104.714	591.71	-24.65	-25.27	-25.82	-26.61	-25.59	234.39	231.79	
U1446	A	11	H	6	25	104.924	593.04	-24.71	-25.31	-25.77	-27.23	-25.75	236.09	233.54	
U1446	C	11	H	2	52	104.939	593.10	-26.29	-26.31	-26.65	-27.60	-26.71	245.94	243.82	
U1446	C	11	H	3	1	105.129	594.30	-24.37	-24.93	-24.32	-25.97	-24.90	227.30	224.71	
U1446	C	11	H	3	103	106.149	600.74	-25.91	-26.51	-26.55	-27.11	-26.52	243.97	241.73	
U1446	C	11	H	4	27	106.449	602.64	-24.01	-25.10	-25.97	-26.03	-25.28	231.17	228.56	
U1446	C	11	H	4	57	106.749	604.53	-25.68	-26.99	-28.11	-27.80	-27.15	250.39	248.62	
U1446	C	11	H	4	87	107.049	606.43	-25.71	-25.83	-27.31	-26.78	-26.41	242.83	240.52	
U1446	C	11	H	5	19	107.349	608.32	-25.10	-26.70	-27.79	-28.28	-26.97	248.55	246.62	
U1446	C	11	H	5	49	107.649	610.22	-24.63	-26.17	-27.13	-28.74	-26.66	245.46	243.31	
U1446	C	11	H	6	15	107.959	612.17	-26.63	-28.52	-29.24	-30.13	-28.63	265.67	265.82	
U1446	C	11	H	6	75	108.559	615.96	-24.90	-26.68	-27.20	-28.29	-26.77	246.53	244.45	
U1446	C	11	H	6	105	108.859	617.86	-25.67	-27.53	-27.35	-28.19	-27.19	250.82	249.09	
U1446	C	11	H	6	135	109.159	619.75	-24.71	-25.60	-25.98	-27.91	-26.05	239.11	236.64	
U1446	C	11	H	7	55	109.779	624.94	-23.63	-23.59	-24.30	-23.69	-23.80	216.03	213.90	
U1446	C	11	H	7	85	110.079	628.06	-23.54	-23.93	-24.45	-22.43	-23.59	213.81	211.83	
U1446	C	11	H	7	115	110.379	631.19	-23.91	-23.70	-23.68	-22.98	-23.57	213.60	211.63	
U1446	A	12	H	1	40	110.618	633.69	-22.65	-22.14	-22.68	-21.40	-22.22	199.74	199.17	
U1446	A	12	H	1	54	110.758	635.15	-22.69	-21.98	-22.05	-21.27	-22.00	197.47	197.21	
U1446	A	12	H	2	26	111.078	638.48	-23.04	-22.25	-22.03	-21.29	-22.15	199.05	198.57	
U1446	A	12	H	2	54	111.358	641.39	-24.02	-23.38	-22.57	-22.09	-23.02	207.95	206.46	
U1446	A	12	H	2	86	111.678	644.73	-23.57	-22.66	-22.38	-21.72	-22.58	203.48	202.46	
U1446	A	12	H	2	116	111.978	647.85	-23.82	-23.59	-23.12	-22.22	-23.19	209.74	208.09	
U1446	A	12	H	3	6	112.298	651.18	-24.10	-23.82	-23.52	-22.71	-23.54	213.33	211.38	
U1446	A	12	H	3	37	112.608	654.41	-25.01	-24.76	-23.91	-22.91	-24.15	219.59	217.25	
U1446	A	12	H	3	77	113.008	658.58	-22.76	-22.47	-22.59	-21.56	-22.34	201.04	200.31	
U1446	A	12	H	3	115	113.388	662.55	-23.11	-22.81	-22.15	-21.73	-22.45	202.14	201.28	
U1446	A	12	H	4	20	113.808	667.12	-22.55	-22.04	-21.71	-21.13	-21.86	196.02	195.96	
U1446	A	12	H	4	50	114.108	670.39	-22.70	-22.05	-22.11	-21.65	-22.13	198.82	198.37	
U1446	A	12	H	4	80	114.408	673.66	-23.59	-23.43	-23.66	-23.32	-23.50	212.92	211.01	
U1446	A	12	H	4	110	114.708	676.92	-23.81	-24.41	-24.89	-23.79	-24.23	220.39	218.02	
U1446	C	12	H	2	70	114.826	678.23	-23.80	-24.29	-24.20	-24.57	-24.22	220.28	217.92	
U1446	C	12	H	2	89	115.016	680.30	-23.32	-23.22	-24.71	-23.70	-23.73	215.34	213.25	
U1446	C	12	H	2	119	115.316	683.57	-25.38	-25.96	-26.36	-28.64	-26.58	244.62	242.41	
U1446	C	12	H	3	20	115.626	686.94	-24.72	-25.26	-26.41	-27.48	-25.97	238.29	235.79	
U1446	C	12	H	3	50	115.926	690.20	-25.48	-26.17	-26.35	-29.13	-26.78	246.69	244.62	
U1446	C	12	H	3	80	116.226	692.20	-25.55	-26.85	-27.67	-28.67	-27.18	250.79	249.05	
U1446	C	12	H	3	110	116.526	694.19	-25.62	-26.64	-26.99	-29.21	-27.11	250.07	248.26	
U1446	C	12	H	4	25	116.856	696.37	-25.52	-26.36	-27.04	-28.25	-26.79	246.75	244.68	
U1446	C	12	H	4	52	117.126	698.16	-25.71	-26.28	-27.54	-28.75	-27.07	249.62	247.78	
U1446	C	12	H	4	82	117.426	700.15	-26.00	-27.03	-27.31	-28.71	-27.26	251.62	249.95	
U1446	C	12	H	4	112	117.726	702.14	-25.67	-25.88	-27.93	-28.64	-27.03	249.21	247.34	
U1446	C	12	H	5	63	118.636	708.17	-25.08	-25.17	-27.11	-29.11	-26.62	244.98	242.80	
U1446	C	12	H	5	93	118.936	710.16	-25.76	-25.90	-26.03	-27.01	-26.18	240.44	238.02	
U1446	C	12	H	6	4	119.546	714.21	-21.21	-20.90	-21.24	-20.47	-20.95	186.74	188.16	
U1446	C	12	H	6	34	119.846	716.19	-21.68	-21.84	-22.64	-20.70	-21.72	194.58	194.73	
U1446	C	12	H	6	64	120.146	718.18	-21.67	-22.21	-22.20	-20.65	-21.68	194.24	194.44	
U1446	C	12	H	6	94	120.446	723.61	-23.12	-23.71	-22.82	-22.66	-23.08	208.60	207.05	
U1446	C	12	H	7	6	121.036	734.69	-23.66	-24.55	-24.13	-23.96	-24.08	218.85	216.56	
U1446	C	12	H	7	37	121.346	740.51	-22.28	-22.67	-22.61	-21.43	-22.25	200.04	199.43	
U1446	C	12	H	7	67	121.646	746.15	-20.61	-20.93	-21.07	-19.78	-20.60	183.07	185.16	
U1446	C	12	H	7	97	121.946	748.06	-21.24	-21.44	-20.80	-20.51	-21.00	187.22	188.55	
U1446	C	12	H	7	127	122.246	749.71	-21.58	-20.97	-20.67	-20.56	-20.94	186.64	188.07	
U1446	C	12	H	8	12	122.596	751.64	-21.67	-21.67	-21.87	-21.28	-21.62	193.62	193.91	
U1446	C	12	H	8	39	122.866	753.12	-21.92	-22.01	-22.41	-21.69	-22.01	197.61	197.33	
U1446	C	12	H	8	69	123.166	754.78	-22.94	-23.38	-23.56	-23.20	-23.27	210.56	208.83	
U1446	C	12	H	8	99	123.466	756.43	-23.97	-24.64	-24.93	-25.08	-24.66	224.80	222.27	
U1446	A	13	H	3	25	123.687	757.81	-23.44	-23.79	-24.58	-23.88	-23.92	217.25	215.04	
U1446	A	13	H	3	55	123.987	759.94	-24.91	-25.62	-25.90	-26.95	-25.84	237.03	234.49	
U1446	A	13	H	3	85	124.287	762.07	-23.81	-24.09	-24.80	-24.69	-24.35	221.63	219.20	
U1446	A	13	H	3	115	124.587	764.20	-24.01	-24.29	-24.88	-25.82	-24.75	225.77	223.22	
U1446	A	13	H	4	6	124.917	766.54	-24.52	-25.29	-26.83	-27.58	-26.06	239.20	236.73	
U1446	A	13	H	4	36	125.217	768.67	-23.58	-24.13	-25.67	-25.46	-24.71	225.36	222.82	
U1446	A	13	H	4	66	125.517	770.80	-24.94	-26.02	-27.13	-27.31	-26.35	242.23	239.89	
U1446	A	13	H	4	96	125.817	772.93	-25.50	-26.60	-27.76	-28.09	-26.99	248.78	246.87	
U1446	A	13	H	4	126	126.117	775.06	-25.91	-27.06	-27.82	-28.84	-27.41	253.09	251.57	
U1446	A	13	H	5	15	126.427	777.26	-26.03	-27.14	-28.23	-29.41	-27.70	256.12	254.94	
U1446	A	13	H	5	45	126.727	779.39	-26.20	-27.06	-27.97	-29.21	-27.61	255.13	253.83	
U1446	A	13	H	5	75	127.027	781.52	-26.84	-27.49	-28.20	-29.36	-27.97	258.89	258.04	
U1446	A	13	H	5	105	127.327	783.65	-26.49	-27.27	-27.62	-29.32	-27.68	255.84	254.63	
U1446	A	13	H	5	135	127.627	785.79	-25.78	-26.25	-26.08	-26.11	-26.06	239.22	236.75	
U1446	A	13	H	6	25	127.947	788.06	-24.33	-23.99	-24.48	-23.41	-24.05	218.60	216.32	
U1446	A	13	H	6	55 	128.247	790.19	-22.89	-21.52	-22.92	-20.36	-21.92	196.70	196.54	
U1446	A	13	H	6	85 	128.547	792.72	-20.25	-20.47	-20.65	-21.31	-20.67	183.83	185.77	
U1446	A	13	H	6	115 	128.847	795.59	-21.67	-21.36	-21.42	-19.31	-20.94	186.62	188.06	
U1446	A	13	H	7	6 	129.147	798.46	-21.46	-21.26	-23.01	-20.64	-21.59	193.33	193.66	
U1446	A	13	H	7	36 	129.447	801.33	-22.16	-21.84	-21.61	-20.90	-21.63	193.66	193.94	
U1446	A	13	H	7	66 	129.747	804.20	-21.81	-21.42	-21.93	-21.69	-21.71	194.55	194.70	
U1446	A	13	H	7	96 	130.047	807.07	-22.35	-21.93	-21.46	-22.05	-21.95	196.95	196.76	
U1446	A	13	H	7	126 	130.347	809.93	-22.76	-22.48	-22.49	-22.45	-22.54	203.09	202.12	
U1446	A	14	H	1	1 	130.459	810.99	-23.70	-24.60	-24.88	-25.52	-24.68	225.01	222.47	
U1446	A	13	H	CC	30 	130.677	813.09	-22.72	-22.84	-23.64	-24.12	-23.33	211.18	209.41	
U1446	A	14	H	1	30 	130.749	813.76	-23.88	-23.75	-24.91	-26.85	-24.85	226.80	224.23	
U1446	A	14	H	1	60 	131.049	816.63	-22.68	-22.99	-24.65	-23.82	-23.53	213.28	211.33	
U1446	A	14	H	2	30 	131.389	819.88	-23.43	-24.48	-24.39	-25.71	-24.50	223.20	220.71	
U1446	A	14	H	2	56 	131.649	822.37	-24.12	-26.13	-25.16	-27.13	-25.63	234.86	232.28	
U1446	A	14	H	2	86 	131.949	825.23	-24.16	-23.67	-24.67	-25.04	-24.38	222.01	219.57	
U1446	A	14	H	2	116 	132.249	828.10	-23.89	-25.43	-25.66	-27.56	-25.64	234.88	232.30	
U1446	A	14	H	3	12 	132.539	830.88	-24.83	-25.97	-27.37	-28.32	-26.62	245.01	242.83	
U1446	A	14	H	3	42 	132.839	833.74	-24.10	-24.36	-27.15	-27.16	-25.69	235.46	232.89	
U1446	A	14	H	3	76 	133.179	837.00	-23.58	-24.39	-25.09	-24.88	-24.48	223.04	220.56	
U1446	A	14	H	3	132 	133.739	842.35	-23.74	-25.39	-25.86	-24.18	-24.79	226.21	223.65	
U1446	A	14	H	4	52 	134.359	848.28	-24.40	-26.94	-26.74	-28.96	-26.76	246.47	244.38	
U1446	A	14	H	4	112 	134.959	854.02	-24.63	-26.35	-27.90	-29.34	-27.05	249.46	247.61	
U1446	A	14	H	5	1 	135.269	856.98	-26.68	-28.26	-29.29	-28.98	-28.30	262.25	261.87	
U1446	A	14	H	5	32 	135.579	859.94	-22.80	-22.48	-23.54	-22.69	-22.88	206.54	205.19	
U1446	A	14	H	5	92 	136.179	865.68	-21.88	-21.93	-22.94	-21.00	-21.94	196.87	196.69	
U1446	A	14	H	5	122 	136.479	868.59	-21.85	-21.52	-22.94	-20.44	-21.68	194.27	194.46	
U1446	A	14	H	6	12 	136.789	871.61	-21.71	-21.87	-22.28	-20.60	-21.62	193.55	193.85	
U1446	A	14	H	6	71 	137.379	877.36	-21.08	-20.57	-20.45	-19.16	-20.31	180.19	182.83	
U1446	A	14	H	6	102 	137.689	880.37	-21.54	-21.26	-20.82	-20.02	-20.91	186.30	187.79	
U1446	A	14	H	6	132 	137.989	883.34	-21.77	-21.30	-20.95	-19.90	-20.98	187.02	188.38	
U1446	A	14	H	7	11 	138.299	886.42	-21.98	-21.26	-20.87	-19.33	-20.86	185.80	187.38	
U1446	A	14	H	7	41 	138.599	889.40	-22.06	-21.45	-20.97	-20.12	-21.15	188.78	189.84	
U1446	A	14	H	7	71 	138.899	892.37	-21.58	-21.22	-21.47	-20.18	-21.11	188.37	189.50	
U1446	A	14	H	7	101 	139.199	895.35	-22.30	-22.84	-22.42	-20.55	-22.03	197.81	197.50	
U1446	A	14	H	7	131 	139.499	898.33	-21.43	-21.60	-22.19	-20.86	-21.52	192.56	193.01	
U1446	A	14	H	8	19 	139.799	901.30	-23.88	-25.16	-23.25	-23.19	-23.87	216.74	214.56	
U1446	A	14	H	8	49 	140.099	904.28	-25.29	-26.55	-23.65	-22.74	-24.56	223.80	221.30	
U1446	A	14	H	8	72 	140.329	906.56	-23.20	-23.51	-22.16	-22.37	-22.81	205.80	204.53	
U1446	C	14	H	5	78	140.528	908.55	-23.60	-25.10	-23.07	-22.67	-23.61	214.08	212.08	
U1446	C	14	H	5	108	140.828	911.53	-24.65	-26.21	-23.72	-23.20	-24.44	222.62	220.15	
U1446	C	14	H	6	5	141.138	914.60	-23.83	-24.13	-23.37	-23.06	-23.60	213.92	211.93	
U1446	C	14	H	6	35	141.438	917.58	-21.24	-22.09	-20.74	-20.37	-21.11	188.37	189.50	
U1446	C	14	H	6	65	141.738	919.40	-21.96	-22.91	-21.40	-20.93	-21.80	195.47	195.48	
U1446	C	14	H	6	95	142.038	921.20	-21.65	-21.39	-21.69	-21.18	-21.48	192.14	192.65	
U1446	C	14	H	6	125	142.338	923.00	-22.39	-26.48	-22.80	-22.27	-23.48	212.75	210.85	
U1446	C	14	H	7	15	142.638	924.81	-21.84	-21.98	-23.36	-24.37	-22.89	206.62	205.27	
U1446	C	14	H	7	45	142.938	926.61	-22.35	-24.22	-24.05	-22.30	-23.23	210.13	208.45	
U1446	C	14	H	7	105	143.538	929.99	-23.14	-23.35	-24.02	-24.41	-23.73	215.28	213.19	
U1446	C	14	H	7	135	143.838	931.67	-22.23	-22.81	-23.49	-22.53	-22.76	205.37	204.14	
U1446	C	14	H	8	23	144.138	933.35	-22.96	-23.77	-23.52	-23.85	-23.53	213.18	211.25	
U1446	C	14	H	8	53	144.438	935.03	-23.55	-24.44	-24.91	-25.12	-24.50	223.25	220.77	
U1446	A	15	H	2	73 	144.557	935.70	-27.19	-24.38	-25.37	-25.07	-25.50	233.50	230.89	
U1446	A	15	H	2	103 	144.857	937.38	-22.70	-23.52	-24.19	-24.11	-23.63	214.24	212.23	
U1446	A	15	H	2	133 	145.157	939.06	-22.80	-24.26	-24.97	-26.32	-24.59	224.11	221.60	
U1446	A	15	H	3	23 	145.477	940.85	-23.65	-24.82	-24.91	-23.79	-24.29	221.09	218.68	
U1446	A	15	H	3	53 	145.777	942.52	-23.85	-25.35	-25.36	-25.99	-25.14	229.76	227.15	
U1446	A	15	H	3	83 	146.077	944.20	-23.40	-25.52	-27.00	-27.08	-25.75	236.07	233.51	
U1446	A	15	H	3	113 	146.377	945.88	-25.52	-26.63	-26.28	-27.55	-26.50	243.73	241.47	
U1446	A	15	H	4	1 	146.667	947.50	-25.07	-26.61	-27.35	-29.37	-27.10	249.92	248.11	
U1446	A	15	H	4	33 	146.987	949.30	-24.39	-25.58	-27.14	-28.88	-26.50	243.72	241.47	
U1446	A	15	H	4	63 	147.287	950.97	-24.59	-25.69	-26.73	-29.11	-26.53	244.07	241.83	
U1446	A	15	H	4	93 	147.587	952.65	-23.85	-24.54	-25.26	-27.52	-25.29	231.34	228.73	
U1446	A	15	H	4	123 	147.887	954.33	-24.43	-24.88	-25.80	-27.28	-25.60	234.51	231.93	
U1446	A	15	H	5	10 	148.197	956.07	-23.75	-26.87	-23.59	-24.22	-24.61	224.31	221.79	
U1446	A	15	H	5	40 	148.497	957.74	-23.49	-23.39	-22.38	-21.02	-22.57	203.38	202.37	
U1446	A	15	H	5	70 	148.797	959.42	-21.05	-21.36	-22.65	-21.32	-21.60	193.35	193.68	
U1446	A	15	H	5	100 	149.097	961.10	-22.45	-22.80	-23.52	-22.11	-22.72	204.90	203.72	
U1446	A	15	H	5	119 	149.287	962.16	-22.13	-22.08	-22.32	-23.58	-22.53	202.92	201.96	
U1446	A	15	H	5	130 	149.397	962.78	-22.37	-23.42	-24.55	-22.91	-23.31	211.00	209.24	
U1446	A	15	H	6	20 	149.707	965.35	-23.27	-22.94	-24.96	-23.92	-23.77	215.71	213.59	
U1446	A	15	H	6	50 	150.007	968.51	-24.30	-22.72	-25.81	-26.01	-24.71	225.35	222.80	
U1446	A	15	H	6	80 	150.307	971.66	-22.43	-21.87	-22.21	-24.14	-22.66	204.30	203.19	
U1446	A	15	H	6	110 	150.607	974.81	-21.97	-22.10	-21.88	-21.21	-21.79	195.33	195.37	
U1446	A	15	H	7	49 	151.507	984.28	-23.88	-23.04	-23.14	-23.33	-23.35	211.36	209.57	
U1446	C	15	H	5	60	151.647	985.75	-23.35	-23.57	-23.52	-24.72	-23.79	215.89	213.77	
U1446	A	15	H	7	79 	151.807	987.43	-21.78	-22.13	-22.69	-24.98	-22.90	206.73	205.36	
U1446	C	15	H	5	90	151.947	988.90	-23.58	-24.24	-24.80	-26.24	-24.72	225.42	222.88	
U1446	C	15	H	5	120	152.247	992.06	-23.77	-23.91	-23.87	-25.50	-24.26	220.75	218.37	
U1446	C	15	H	6	22	152.557	995.31	-24.04	-24.06	-24.10	-25.48	-24.42	222.38	219.92	
U1446	C	15	H	6	52	152.857	998.47	-23.75	-24.21	-23.76	-24.72	-24.11	219.17	216.85	
U1446	C	15	H	6	82	153.157	1001.62	-24.55	-25.48	-23.82	-24.86	-24.68	225.02	222.48	
U1446	C	15	H	6	112	153.457	1004.78	-23.21	-22.50	-22.91	-22.78	-22.85	206.23	204.91	
U1446	A	16	H	2	51 	153.665	1006.98	-23.46	-24.24	-24.49	-25.45	-24.41	222.27	219.82	
U1446	A	16	H	2	59 	153.745	1007.83	-21.84	-22.84	-23.91	-24.09	-23.17	209.53	207.89	
U1446	A	16	H	2	89 	154.045	1010.98	-23.73	-24.34	-25.05	-24.43	-24.39	222.04	219.60	
U1446	A	16	H	3	9 	154.655	1017.39	-23.53	-23.96	-24.70	-26.53	-24.68	225.05	222.51	
U1446	A	16	H	3	39 	154.955	1020.55	-23.99	-24.44	-25.42	-26.91	-25.19	230.29	227.67	
U1446	A	16	H	3	69 	155.255	1023.70	-22.47	-22.78	-22.37	-22.26	-22.47	202.33	201.45	
U1446	A	16	H	3	99 	155.555	1026.85	-24.42	-25.12	-25.64	-28.26	-25.86	237.19	234.66	
U1446	A	16	H	3	129 	155.855	1030.01	-23.61	-23.86	-24.05	-27.62	-24.78	226.13	223.57	
U1446	A	16	H	4	134 	157.345	1047.79	-22.28	-22.16	-21.57	-22.40	-22.10	198.54	198.13	
U1446	A	16	H	5	22 	157.655	1051.56	-21.67	-21.92	-21.73	-20.57	-21.47	192.09	192.61	
U1446	C	16	H	1	59	157.867	1054.12	-22.10	-22.30	-22.41	-21.76	-22.14	198.97	198.50	
U1446	A	16	H	5	52 	157.955	1055.21	-22.46	-22.54	-22.37	-21.52	-22.22	199.80	199.23	
U1446	C	16	H	1	89	158.167	1057.76	-23.68	-24.04	-24.15	-23.86	-23.93	217.39	215.17	
U1446	C	16	H	1	119	158.467	1061.41	-23.13	-23.40	-24.40	-24.26	-23.80	216.00	213.87	
U1446	C	16	H	2	16	158.787	1064.20	-23.84	-24.54	-26.30	-25.51	-25.05	228.83	226.23	
U1446	C	16	H	2	46	159.087	1065.88	-24.06	-24.86	-26.35	-26.20	-25.37	232.13	229.51	
U1446	C	16	H	2	77	159.397	1067.62	-23.49	-26.09	-27.24	-26.94	-25.94	238.02	235.51	
U1446	C	16	H	3	63	160.597	1074.34	-24.92	-28.91	-28.89	-28.61	-27.83	257.48	256.46	
U1446	C	16	H	4	39	161.507	1079.43	-25.12	-26.76	-27.96	-28.08	-26.98	248.68	246.77	
U1446	C	16	H	4	68	161.797	1081.05	-25.21	-26.27	-27.79	-29.02	-27.07	249.63	247.79	
U1446	C	16	H	4	99	162.107	1082.79	-24.69	-25.74	-26.64	-28.25	-26.33	242.03	239.69	
U1446	C	16	H	4	129	162.407	1084.47	-24.36	-25.28	-26.97	-26.90	-25.88	237.36	234.83	
U1446	C	16	H	5	25	162.717	1086.20	-26.37	-25.57	-27.50	-27.95	-26.85	247.34	245.32	
U1446	C	16	H	5	55	163.017	1087.88	-24.21	-24.90	-26.98	-27.60	-25.93	237.86	235.34	
U1446	C	16	H	5	85	163.317	1089.56	-24.16	-24.58	-24.26	-26.11	-24.78	226.07	223.51	
U1446	C	16	H	5	115	163.617	1091.24	-23.29	-22.90	-22.12	-23.49	-22.95	207.29	205.87	
U1446	C	16	H	6	3	163.917	1092.92	-22.23	-21.86	-21.98	-21.16	-21.81	195.52	195.53	
U1446	C	16	H	6	33	164.217	1094.60	-22.55	-22.55	-22.16	-21.78	-22.26	200.17	199.55	
U1446	C	16	H	6	63	164.517	1096.28	-23.59	-23.68	-24.22	-23.33	-23.71	215.05	212.98	
U1446	A	17	H	3	4 	164.519	1096.28	-23.20	-22.95	-24.14	-22.92	-23.30	210.88	209.13	
U1446	A	17	H	3	34 	164.819	1097.96	-23.46	-23.47	-24.31	-24.44	-23.92	217.25	215.04	
U1446	A	17	H	3	63 	165.109	1100.89	-23.82	-25.03	-25.90	-24.92	-24.92	227.48	224.89	
U1446	A	17	H	3	94 	165.419	1104.02	-24.11	-24.93	-25.13	-26.19	-25.09	229.29	226.68	
U1446	A	17	H	3	124 	165.719	1107.06	-23.72	-24.19	-27.54	-25.10	-25.14	229.73	227.12	
U1446	A	17	H	4	22 	166.099	1110.91	-23.57	-23.82	-25.28	-26.15	-24.70	225.29	222.74	
U1446	A	17	H	4	54 	166.419	1114.14	-23.54	-23.68	-23.18	-23.85	-23.56	213.56	211.60	
U1446	A	17	H	4	82 	166.699	1116.98	-23.10	-22.96	-22.87	-22.22	-22.79	205.60	204.35	
U1446	A	17	H	4	112 	166.999	1120.01	-21.37	-21.08	-20.90	-20.35	-20.93	186.48	187.94	
U1446	A	17	H	5	14 	167.319	1123.25	-21.91	-21.77	-21.55	-20.53	-21.44	191.72	192.30	
U1446	A	17	H	5	44 	167.619	1126.29	-22.23	-21.60	-21.39	-21.61	-21.71	194.51	194.66	
U1446	C	17	F	1	21	167.886	1129.00	-23.16	-23.09	-22.31	-21.94	-22.62	203.93	202.86	
U1446	C	17	F	1	51	168.186	1132.01	-23.30	-23.25	-23.45	-23.15	-23.29	210.72	208.98	
U1446	C	17	F	1	81	168.486	1135.02	-23.22	-23.69	-23.07	-23.18	-23.29	210.77	209.03	
U1446	C	17	F	1	111	168.786	1138.03	-22.81	-23.27	-22.91	-22.64	-22.91	206.84	205.46	
U1446	C	17	F	1	139	169.066	1140.84	-23.53	-24.16	-23.71	-24.24	-23.91	217.12	214.92	
U1446	C	17	F	2	27	169.386	1144.06	-23.00	-23.40	-23.25	-23.89	-23.39	211.75	209.92	
U1446	C	17	F	2	57	169.686	1147.07	-23.64	-25.00	-25.24	-25.52	-24.85	226.81	224.24	
U1446	C	17	F	2	87	169.986	1150.08	-23.76	-24.91	-25.24	-26.58	-25.12	229.62	227.01	
U1446	C	17	F	2	117	170.286	1153.10	-23.79	-25.41	-26.85	-27.66	-25.93	237.85	235.34	
U1446	C	17	F	3	10	170.586	1156.11	-24.91	-25.61	-26.67	-27.76	-26.24	241.05	238.66	
U1446	C	17	F	3	41	170.896	1159.22	-24.62	-26.06	-26.45	-28.21	-26.34	242.09	239.74	
U1446	A	17	H	8	28 	170.929	1159.52	-24.44	-25.59	-28.49	-27.97	-26.62	245.03	242.85	
U1446	C	17	F	3	70	171.186	1162.13	-24.31	-25.71	-26.79	-28.34	-26.29	241.58	239.21	
U1446	C	17	F	4	13	171.486	1165.14	-24.07	-25.52	-26.21	-28.69	-26.12	239.87	237.43	
U1446	A	17	H	8	89 	171.539	1165.65	-24.45	-27.06	-26.89	-27.87	-26.57	244.46	242.24	
U1446	A	17	H	CC	1 	171.809	1168.36	-24.18	-26.02	-26.58	-27.36	-26.03	238.98	236.50	
U1446	C	17	F	4	73	172.086	1171.17	-24.43	-26.68	-26.72	-28.24	-26.52	243.97	241.73	
U1446	A	17	H	CC	31 	172.109	1171.37	-24.63	-25.96	-26.88	-28.66	-26.53	244.08	241.84	
U1446	C	17	F	CCW	7	172.386	1174.18	-24.43	-26.20	-27.44	-29.09	-26.79	246.73	244.66	
U1446	C	17	F	CCW	22	172.536	1175.69	-24.51	-25.98	-26.85	-28.30	-26.41	242.83	240.52	
U1446	C	18	F	1	42	172.805	1178.40	-24.08	-25.10	-26.37	-26.55	-25.53	233.75	231.15	
U1446	C	18	F	1	72	173.105	1181.41	-24.47	-26.23	-27.55	-27.40	-26.41	242.86	240.56	
U1446	C	18	F	1	102	173.405	1184.42	-24.14	-25.00	-25.28	-27.92	-25.58	234.35	231.76	
U1446	C	18	F	1	132	173.705	1187.44	-24.89	-26.32	-25.18	-26.87	-25.82	236.73	234.19	
U1446	C	18	F	2	19	174.005	1190.45	-24.78	-25.30	-24.73	-24.88	-24.92	227.52	224.93	
U1446	C	18	F	2	49	174.305	1193.21	-24.61	-26.01	-23.97	-24.43	-24.76	225.83	223.27	
U1446	C	18	F	2	79	174.605	1195.40	-23.25	-23.69	-23.53	-23.42	-23.47	212.63	210.74	
U1446	C	18	F	2	109	174.905	1197.59	-23.86	-24.90	-23.53	-23.97	-24.07	218.75	216.46	
U1446	C	18	F	3	38	175.515	1202.04	-22.24	-22.32	-22.09	-22.21	-22.22	199.74	199.17	
U1446	C	18	F	3	68	175.815	1204.23	-22.03	-22.43	-21.77	-21.25	-21.87	196.18	196.10	
U1446	C	18	F	3	98	176.115	1206.42	-24.57	-25.92	-24.06	-23.98	-24.63	224.56	222.03	
U1446	A	18	H	3	46 	176.439	1208.75	-23.40	-23.85	-25.04	-22.75	-23.76	215.59	213.48	
U1446	A	18	H	3	73 	176.709	1210.72	-22.99	-25.12	-24.59	-22.12	-23.71	215.03	212.97	
U1446	A	18	H	3	106 	177.039	1213.13	-24.67	-25.17	-25.17	-24.93	-24.99	228.21	225.61	
U1446	A	18	H	4	8 	177.369	1215.54	-25.67	-26.00	-25.84	-26.67	-26.04	239.08	236.61	
U1446	A	18	H	4	38 	177.669	1217.73	-26.19	-27.45	-25.89	-27.19	-26.68	245.60	243.46	
U1446	A	18	H	4	68 	177.969	1219.92	-25.57	-27.01	-25.81	-26.79	-26.30	241.66	239.30	
U1446	A	18	H	4	98 	178.269	1222.11	-26.15	-27.10	-26.76	-26.95	-26.74	246.23	244.14	
U1446	A	18	H	4	128 	178.569	1224.30	-26.06	-27.53	-26.41	-27.31	-26.83	247.16	245.13	
U1446	A	18	H	5	18 	178.879	1226.56	-24.33	-25.28	-25.84	-27.90	-25.84	236.96	234.42	
U1446	A	18	H	5	48 	179.179	1228.75	-25.01	-26.23	-27.46	-27.42	-26.53	244.06	241.82	
U1446	A	18	H	5	78 	179.479	1230.94	-25.15	-24.82	-26.66	-28.44	-26.27	241.37	238.99	
U1446	A	18	H	5	108 	179.779	1233.13	-24.86	-26.39	-27.63	-27.11	-26.50	243.74	241.49	
U1446	A	18	H	6	37 	180.389	1237.59	-25.73	-24.86	-27.13	-26.79	-26.13	239.92	237.48	
U1446	A	18	H	6	67 	180.689	1239.78	-25.97	-25.84	-26.30	-26.77	-26.22	240.86	238.46	
U1446	A	18	H	6	96 	180.979	1241.89	-24.66	-27.54	-25.92	-27.41	-26.38	242.55	240.23	
U1446	A	18	H	6	128 	181.299	1244.23	-22.13	-22.78	-23.47	-21.49	-22.47	202.29	201.41	
U1446	A	18	H	7	21 	181.589	1246.35	-22.91	-22.58	-23.06	-20.91	-22.37	201.27	200.51	
U1446	A	18	H	7	51 	181.889	1248.54	-23.01	-24.79	-22.65	-25.71	-24.04	218.47	216.19	
U1446	A	18	H	7	81 	182.189	1250.73	-22.62	-24.48	-22.64	-24.27	-23.50	212.94	211.03	
U1446	A	18	H	8	10 	182.789	1259.08	-22.94	-23.39	-22.90	-21.93	-22.79	205.62	204.37	
U1446	A	18	H	8	40 	183.089	1263.32	-23.68	-24.22	-26.20	-24.78	-24.72	225.46	222.91	
U1446	A	18	H	8	70 	183.389	1267.55	-24.31	-24.97	-24.41	-26.35	-25.01	228.41	225.81	
U1446	A	18	H	9	21 	183.979	1275.87	-25.64	-25.64	-24.88	-26.04	-25.55	233.98	231.39	
U1446	A	18	H	9	51 	184.279	1280.10	-24.36	-24.77	-24.93	-25.99	-25.01	228.49	225.89	
U1446	C	20	F	1	1	184.488	1283.06	-23.82	-23.75	-23.66	-25.76	-24.25	220.62	218.24	
U1446	A	18	H	CC	16 	184.609	1284.76	-24.81	-25.49	-24.10	-25.45	-24.96	227.95	225.35	
U1446	C	20	F	1	22	184.698	1286.03	-24.35	-24.54	-23.69	-25.65	-24.56	223.82	221.32	
U1446	C	20	F	1	52	184.998	1290.26	-24.34	-24.84	-23.44	-24.80	-24.35	221.70	219.27	
U1446	C	20	F	1	82	185.298	1294.49	-23.55	-23.51	-22.51	-22.39	-22.99	207.65	206.19	
U1446	C	20	F	2	6	185.598	1298.72	-23.44	-23.61	-23.83	-22.23	-23.28	210.62	208.89	
U1446	C	20	F	2	36	185.898	1302.95	-23.84	-24.87	-23.07	-22.81	-23.65	214.46	212.43	
U1446	C	20	F	2	66	186.198	1307.18	-24.15	-25.06	-24.73	-25.32	-24.82	226.45	223.88	
U1446	C	20	F	2	96	186.498	1311.29	-23.72	-24.43	-24.07	-23.47	-23.92	217.24	215.03	
U1446	C	20	F	2	126	186.798	1313.98	-23.20	-24.25	-23.64	-25.11	-24.05	218.57	216.29	
U1446	C	20	F	3	22	187.108	1316.76	-23.58	-24.49	-24.83	-27.11	-25.00	228.37	225.77	
U1446	C	20	F	3	52	187.408	1319.45	-24.06	-24.93	-25.37	-27.42	-25.44	232.92	230.31	
U1446	C	20	F	3	82	187.708	1322.14	-24.07	-24.38	-25.08	-26.58	-25.03	228.62	226.01	
U1446	C	20	F	3	111	187.998	1324.75	-23.53	-23.45	-24.33	-24.78	-24.02	218.28	216.02	
U1446	A	19	F	2	47 	188.302	1327.53	-22.66	-22.13	-21.75	-21.11	-21.91	196.59	196.44	
U1446	A	19	F	2	77 	188.602	1330.22	-22.10	-21.74	-21.56	-19.88	-21.32	190.50	191.28	
U1446	A	19	F	2	107 	188.902	1332.91	-22.28	-22.54	-22.88	-21.47	-22.29	200.51	199.85	
U1446	A	19	F	2	137 	189.202	1335.60	-23.39	-23.48	-22.86	-22.65	-23.10	208.79	207.22	
U1446	A	19	F	3	27 	189.512	1338.38	-23.55	-23.77	-25.23	-23.58	-24.04	218.42	216.15	
U1446	A	19	F	3	57 	189.812	1341.07	-23.40	-24.28	-25.26	-24.70	-24.41	222.27	219.82	
U1446	A	19	F	3	87 	190.112	1343.76	-24.53	-26.50	-27.04	-28.40	-26.62	244.96	242.77	
U1446	A	19	F	4	35 	190.712	1349.14	-23.91	-24.82	-25.76	-27.88	-25.59	234.45	231.86	
U1446	C	21	F	1	44	190.98	1351.56	-23.67	-25.49	-25.80	-27.96	-25.73	235.89	233.32	
U1446	A	19	F	4	65 	191.012	1351.83	-23.38	-25.77	-24.76	-27.19	-25.28	231.19	228.57	
U1446	A	19	F	4	78 	191.142	1353.00	-23.60	-24.98	-26.13	-28.05	-25.69	235.43	232.86	
U1446	A	19	F	CC	11 	191.282	1354.25	-23.81	-24.74	-25.47	-27.15	-25.29	231.35	228.73	
U1446	C	21	F	1	74	191.28	1354.25	-23.84	-25.21	-25.68	-27.81	-25.64	234.88	232.29	
U1446	C	21	F	1	104	191.58	1356.41	-23.75	-24.72	-25.48	-27.68	-25.41	232.51	229.90	
U1446	C	21	F	1	134	191.88	1358.71	-24.34	-25.99	-25.63	-27.96	-25.98	238.42	235.92	
U1446	C	21	F	2	24	192.2	1361.09	-24.20	-25.46	-26.26	-28.02	-25.98	238.47	235.97	
U1446	C	21	F	2	54	192.5	1363.32	-24.09	-25.61	-25.72	-26.21	-25.41	232.53	229.92	
U1446	C	21	F	2	84	192.8	1365.55	-23.70	-24.56	-25.02	-24.62	-24.47	222.94	220.47	
U1446	C	21	F	2	114	193.1	1367.78	-23.80	-25.25	-25.90	-24.64	-24.90	227.27	224.69	
U1446	C	21	F	3	4	193.42	1370.16	-23.56	-24.05	-25.62	-23.63	-24.22	220.28	217.92	
U1446	C	21	F	3	34	193.72	1372.39	-23.95	-25.03	-26.05	-23.42	-24.61	224.36	221.84	
U1446	C	21	F	3	64	194.02	1374.55	-22.86	-24.02	-22.74	-22.45	-23.02	207.99	206.50	
U1446	C	21	F	3	94	194.32	1376.85	-21.75	-21.78	-21.06	-21.41	-21.50	192.35	192.83	
U1446	A	20	F	2	27 	194.323	1376.85	-22.04	-23.28	-21.97	-25.81	-23.27	210.61	208.88	
U1446	C	22	F	1	0	194.453	1377.82	-21.61	-21.61	-21.14	-20.81	-21.29	190.23	191.05	
U1446	A	20	F	2	65 	194.703	1379.67	-21.94	-22.84	-21.95	-21.67	-22.10	198.55	198.14	
U1446	C	22	F	1	30	194.753	1380.05	-22.47	-23.34	-22.73	-23.92	-23.12	208.98	207.40	
U1446	A	20	F	2	95 	195.003	1381.90	-22.66	-24.04	-22.37	-23.25	-23.08	208.62	207.07	
U1446	C	22	F	1	60	195.053	1382.28	-22.59	-22.95	-24.03	-21.92	-22.87	206.47	205.13	
U1446	A	20	F	2	122 	195.273	1383.91	-23.83	-24.77	-24.47	-24.48	-24.39	222.04	219.60	
U1446	C	22	F	1	90	195.353	1384.50	-22.71	-22.35	-25.85	-21.35	-23.07	208.46	206.92	
U1446	C	22	F	1	120	195.653	1386.73	-23.13	-23.42	-23.77	-23.08	-23.35	211.38	209.59	
U1446	C	22	F	2	30	196.163	1390.53	-23.20	-23.08	-25.15	-22.60	-23.51	213.00	211.08	
U1446	C	22	F	2	60	196.463	1392.76	-22.45	-23.93	-24.74	-24.00	-23.78	215.81	213.69	
U1446	C	22	F	2	90	196.763	1394.98	-24.04	-25.95	-25.66	-26.04	-25.42	232.66	230.05	
U1446	C	22	F	2	116	197.023	1396.92	-25.02	-26.66	-26.83	-27.42	-26.48	243.59	241.32	
U1446	C	22	F	3	15	197.323	1399.15	-24.54	-26.38	-26.97	-28.19	-26.52	243.97	241.73	
U1446	C	22	F	3	45	197.623	1401.38	-24.83	-26.20	-26.54	-27.20	-26.19	240.58	238.17	
U1446	A	21	F	1	1 	197.971	1403.98	-24.90	-27.01	-25.42	-27.94	-26.32	241.89	239.53	
U1446	A	21	F	1	31 	198.271	1406.21	-24.53	-26.44	-26.00	-27.55	-26.13	239.94	237.50	
U1446	A	21	F	1	61 	198.571	1408.44	-25.15	-24.94	-23.81	-25.22	-24.78	226.09	223.53	
U1446	A	21	F	1	91 	198.871	1410.67	-22.82	-23.76	-23.38	-22.84	-23.20	209.87	208.20	
U1446	A	21	F	1	121 	199.171	1412.90	-22.02	-22.60	-20.98	-22.35	-21.99	197.40	197.14	
U1446	A	21	F	2	6 	199.401	1414.61	-22.59	-23.55	-23.50	-23.13	-23.19	209.76	208.10	
U1446	A	21	F	2	36 	199.701	1418.38	-23.60	-24.44	-25.91	-22.13	-24.02	218.25	215.99	
U1446	A	21	F	2	38 	199.721	1418.66	-22.47	-23.91	-23.04	-22.71	-23.03	208.11	206.61	
U1446	A	21	F	2	65 	199.991	1422.53	-22.57	-23.00	-23.75	-23.14	-23.11	208.96	207.37	
U1446	A	21	F	2	96 	200.301	1426.96	-23.28	-23.46	-24.52	-25.57	-24.21	220.21	217.85	
U1446	A	21	F	2	126 	200.601	1431.25	-23.29	-24.87	-26.05	-26.30	-25.13	229.67	227.06	
U1446	A	21	F	3	8 	200.901	1435.54	-23.25	-24.36	-25.04	-27.67	-25.08	229.16	226.55	
U1446	A	21	F	3	38 	201.201	1439.83	-24.00	-24.70	-26.46	-26.61	-25.44	232.89	230.28	
U1446	A	21	F	4	1 	201.621	1445.83	-24.25	-25.33	-25.98	-26.21	-25.44	232.87	230.27	
U1446	A	21	F	4	31 	201.921	1450.12	-23.90	-25.11	-26.25	-27.96	-25.81	236.63	234.08	
U1446	A	21	F	4	87 	202.481	1453.91	-22.89	-24.32	-25.35	-24.84	-24.35	221.65	219.23	
U1446	A	21	F	CC	1 	202.531	1454.14	-23.27	-23.87	-24.60	-24.41	-24.04	218.44	216.17	
U1446	C	23	F	3	80	202.755	1455.18	-22.69	-23.22	-23.72	-22.18	-22.95	207.26	205.84	
U1446	C	23	F	3	110	203.055	1456.59	-22.65	-22.94	-24.34	-23.32	-23.31	210.97	209.21	
U1446	C	23	F	4	6	203.355	1458.01	-22.57	-23.36	-24.57	-22.82	-23.33	211.19	209.41	
U1446	C	23	F	4	36	203.655	1459.42	-23.75	-23.93	-26.04	-24.58	-24.57	223.97	221.46	
U1446	C	23	F	4	96	204.255	1461.31	-24.19	-24.62	-25.83	-24.89	-24.89	227.17	224.58	

