Age [ka BP] (Catunda et al., 2021)	SST [°C] (Naafs et al., 2012, original ...)	Age [ka BP] (Catunda et al., 2021)	SST [°C] (linearly interpolated to matc...)	SubT [°C]	delta T [°C] (SST-Sub-ST, Calculated)
542.78	16.31	543.09	16.42	5.68	10.74
543.15	16.44	545.90	16.37	4.45	11.91
543.53	16.36	547.41	16.51	4.82	11.69
543.90	17.16	548.49	16.35	5.88	10.46
544.27	15.72	551.29	14.55	4.34	10.20
544.64	16.30	552.81	14.97	6.35	8.62
545.01	16.22	552.81	14.97	4.49	10.48
545.40	16.31	553.89	15.93	6.62	9.32
546.03	16.38	553.89	15.93	2.44	13.49
546.45	16.11	554.75	15.28	5.47	9.81
546.87	16.38	555.61	16.77	6.11	10.65
547.28	16.54	555.61	16.77	4.85	11.92
547.70	16.45	556.69	14.89	8.36	6.53
548.12	16.81	556.69	14.89	5.30	9.59
548.54	16.28	558.20	15.06	4.62	10.43
548.96	16.49	559.28	14.99	3.69	11.30
549.37	15.99	560.15	14.41	4.85	9.56
550.00	15.09	561.23	13.86	4.52	9.34
550.42	15.69	562.52	12.21	5.03	7.18
550.84	14.23	564.68	14.12	5.85	8.28
551.26	14.57	565.33	14.42	6.56	7.86
551.67	14.29	566.41	15.80	4.68	11.12
552.09	15.20	569.00	16.73	6.05	10.68
552.51	15.05	570.08	15.68	7.14	8.54
552.93	14.93	570.73	14.94	4.88	10.06
553.56	15.90	571.81	14.93	7.95	6.99
553.98	15.94	572.88	13.80	7.04	6.76
554.39	16.76	574.29	17.24	7.41	9.83
554.81	15.03	575.37	16.77	6.58	10.19
555.23	15.02	575.37	16.77	6.99	9.78
555.65	16.94	576.12	17.59	6.41	11.18
556.07	16.81	577.20	16.16	8.06	8.10
556.48	16.18	578.28	17.74	7.03	10.71
556.90	13.63	582.49	12.29	7.13	5.16
557.53	15.42	585.13	15.50	9.37	6.13
557.95	15.25	591.62	17.00	4.64	12.36
558.37	14.93	593.15	15.07	3.14	11.92
558.79	14.90	594.87	17.58	3.04	14.54
559.20	15.05	596.90	16.89	2.80	14.09
560.04	14.42	598.73	16.01	3.23	12.78
560.46	14.37	599.94	16.27	4.22	12.05
561.09	14.12	600.96	16.15	4.56	11.59
561.50	13.34	600.96	16.15	4.69	11.46
562.52	12.21	601.77	16.25	5.58	10.67
562.95	13.67	602.75	16.81	5.54	11.27
563.38	14.28	603.73	16.58	5.65	10.93
563.82	13.39	604.95	16.48	4.80	11.68
564.25	14.99	605.89	16.35	5.45	10.91
564.68	15.04	606.55	17.45	5.55	11.90
565.11	13.26	607.49	17.73	6.04	11.68
565.76	16.73	608.43	17.82	5.75	12.07
566.19	16.58	609.93	17.65	6.69	10.96
566.62	15.01	610.68	18.14	8.07	10.08
567.06	15.69	611.25	18.24	7.40	10.84
567.49	16.63	612.19	19.11	6.47	12.64
567.92	14.91	613.13	19.52	7.11	12.41
568.35	16.00	614.45	17.57	7.21	10.36
568.78	16.84	615.39	17.08	6.38	10.70
569.21	16.62	616.14	17.53	6.65	10.88
569.86	15.64	616.89	17.27	7.48	9.79
570.29	15.73	617.83	16.69	7.88	8.81
570.73	14.94	619.99	16.18	5.45	10.73
571.16	16.21	620.65	16.50	5.55	10.95
571.59	14.43	621.68	16.21	8.31	7.90
572.02	15.44	622.33	14.64	4.30	10.34
572.45	14.38	624.19	14.52	4.17	10.35
572.88	13.80	625.39	13.89	3.83	10.06
573.10	15.60	626.04	14.55	3.07	11.49
573.53	16.80	627.13	15.01	4.47	10.54
573.75	16.43	627.13	15.01	2.97	12.04
574.18	16.91	628.22	15.11	4.55	10.56
574.61	18.25	629.64	15.40	3.37	12.03
574.83	15.01	630.73	15.84	3.90	11.94
575.26	17.77	631.50	16.05	4.00	12.05
575.48	15.77	632.59	15.67	4.70	10.97
575.91	16.47	633.68	15.07	4.31	10.77
576.34	18.71	634.99	14.15	4.54	9.61
576.56	18.55	636.19	15.94	3.64	12.30
576.99	17.75	636.95	15.72	5.41	10.31
577.20	16.16	638.04	14.68	3.06	11.62
577.63	16.76	639.13	14.43	2.76	11.67
578.07	17.84	640.66	14.64	3.93	10.71
578.71	17.55	641.64	14.75	3.58	11.16
578.93	16.48	642.41	15.45	3.37	12.08
579.36	17.42	643.50	14.40	3.87	10.52
579.79	17.65	644.59	15.38	3.61	11.77
580.01	16.40	646.12	14.58	3.32	11.26
580.87	12.43	646.99	14.68	3.51	11.16
581.28	13.09	647.86	14.71	3.82	10.89
581.68	13.84	648.95	13.50	4.13	9.37
582.09	11.94	652.23	14.45	6.26	8.19
582.49	12.29	653.21	16.04	5.79	10.24
582.90	12.39	654.41	15.18	5.21	9.98
583.31	15.98	656.92	13.58	3.31	10.27
583.71	15.11	657.68	15.37	6.23	9.14
584.32	13.25	658.77	13.83	5.81	8.02
584.73	14.10	661.50	14.83	4.43	10.41
585.13	15.50	663.35	13.48	4.14	9.34
585.54	14.11	663.35	13.48	4.26	9.22
585.94	13.52	664.23	14.47	3.19	11.28
586.35	15.53	664.99	13.99	5.11	8.88
586.76	15.86	667.83	13.86	2.71	11.15
587.16	16.01	668.59	14.81	3.95	10.86
587.57	17.59	669.68	13.43	3.46	9.97
587.97	16.07	670.77	15.79	4.79	11.00
588.58	17.62	671.54	15.14	3.39	11.75
591.02	15.22	672.30	14.96	4.05	10.91
591.42	18.75	673.83	11.31	2.83	8.48
591.83	15.24	676.23	13.35	4.89	8.46
592.23	15.17	676.88	13.62	5.18	8.44
592.84	13.87	678.08	12.80	5.19	7.61
593.65	17.06	678.74	14.74	5.48	9.25
594.06	17.69	679.50	14.71	5.53	9.18
594.46	16.81	680.59	14.67	5.70	8.97
594.87	17.58	680.59	14.67	7.90	6.77
595.28	16.59	681.68	17.45	6.60	10.85
595.68	17.11	683.10	16.84	5.78	11.05
596.09	18.83	684.74	14.20	8.75	5.45
596.49	17.20	684.74	14.20	7.78	6.42
597.10	16.74	685.94	14.20	8.30	5.90
597.51	16.66	687.36	15.56	8.60	6.96
597.91	16.39	687.36	15.56	8.65	6.91
598.32	15.11	689.32	16.28	6.99	9.30
598.73	16.01	690.41	15.56	6.97	8.59
599.13	16.15	691.61	15.79	8.17	7.62
599.54	16.24	692.60	17.60	6.65	10.95
599.94	16.19	695.98	16.15	9.13	7.02
600.35	16.30	695.98	16.15	9.50	6.64
600.75	15.95	697.07	17.37	7.58	9.78
601.36	16.54	698.27	17.66	6.46	11.20
601.77	16.25	699.80	18.64	8.10	10.54
602.17	17.29	699.80	18.64	7.78	10.86
602.58	16.76	701.32	18.78	8.11	10.67
602.98	16.87	702.42	18.10	8.45	9.66
603.35	16.68	702.42	18.10	10.79	7.32
603.73	16.58	703.51	18.12	8.65	9.47
604.10	17.43	704.92	17.88	7.26	10.63
604.48	16.36	706.02	17.81	8.07	9.74
604.86	16.37	706.89	17.47	8.03	9.44
605.42	17.04	707.87	18.08	9.41	8.67
605.80	16.38	707.87	18.08	7.80	10.28
606.17	16.28	708.96	17.26	7.29	9.97
606.55	17.45	710.71	16.90	6.71	10.19
606.92	17.00	712.13	16.16	7.35	8.81
607.30	17.33	712.13	16.16	9.81	6.35
607.68	18.12	713.45	12.46	6.23	6.23
608.05	16.99	714.26	11.42	4.67	6.75
608.43	17.82	716.36	12.09	3.95	8.15
608.80	17.25	717.00	12.82	4.05	8.77
609.18	17.46	717.91	12.39	3.50	8.89
609.74	18.20	718.82	13.80	8.02	5.78
610.12	17.10	720.00	15.44	6.41	9.03
610.50	17.83	720.92	15.50	6.39	9.12
610.87	18.46	721.55	15.50	4.08	11.42
611.25	18.24	722.47	15.76	6.61	9.15
611.62	18.50	723.38	17.01	6.42	10.59
612.00	19.07	724.74	15.55	7.52	8.03
612.38	19.15	725.56	15.99	8.08	7.91
612.57	19.14	726.11	16.14	7.61	8.53
612.94	18.85	727.02	16.69	6.96	9.73
613.32	20.20	728.30	16.25	6.17	10.09
613.51	18.42	729.21	16.64	8.94	7.70
613.88	18.14	730.21	16.53	7.57	8.96
614.26	18.13	730.67	17.03	5.56	11.47
614.63	17.02	731.58	17.10	7.19	9.91
614.82	18.07	731.58	17.10	6.46	10.64
615.20	17.41	732.49	17.72	7.50	10.22
615.57	16.75	733.59	15.99	8.26	7.73
615.76	16.69	734.68	14.78	9.01	5.77
616.14	17.53	735.23	16.86	8.50	8.36
616.51	17.40	736.14	17.95	5.80	12.15
616.89	17.27	737.05	16.55	6.95	9.60
617.08	16.81	738.23	16.94	7.51	9.43
617.45	17.66	739.15	16.83	6.41	10.42
617.83	16.69	739.78	18.11	7.69	10.43
618.02	18.26	740.70	17.29	9.05	8.24
618.39	16.31	740.70	17.29	7.36	9.93
618.77	16.23	741.61	16.57	6.37	10.20
619.15	16.28	741.61	16.57	7.15	9.42
619.33	16.41	742.52	14.40	6.83	7.57
619.71	16.50	742.79	14.64	5.53	9.11
620.09	16.07	746.17	12.71	5.47	7.25
620.27	16.45	747.08	13.53	3.54	9.99
620.65	16.50	747.08	13.53	4.46	9.07
621.03	15.76	748.08	14.28	4.06	10.22
621.46	16.94	748.99	14.91	4.20	10.71
621.68	16.17	749.82	14.91	4.84	10.07
622.11	14.75	750.73	15.74	4.64	11.10
622.55	14.53	751.64	15.09	4.42	10.67
622.77	14.74	752.64	14.49	3.55	10.94
623.20	14.48	753.92	14.71	3.70	11.01
623.64	13.96	755.29	14.86	3.12	11.75
624.08	14.80	757.30	15.57	3.05	12.52
624.29	14.24	758.12	16.40	4.87	11.53
624.73	11.09	759.33	16.11	4.51	11.61
625.17	13.19	760.61	16.09	3.59	12.50
625.39	13.89	762.32	16.21	6.71	9.50
625.82	14.47	762.32	16.21	5.14	11.07
626.26	14.64	764.03	16.79	5.57	11.22
626.69	15.08	765.32	17.32	7.08	10.25
626.91	14.79	766.46	16.66	7.06	9.60
627.35	15.23	767.88	15.51	7.75	7.76
627.79	15.34	769.31	15.39	7.59	7.80
628.22	15.11	770.73	14.16	6.24	7.92
628.66	15.26	772.30	15.74	7.36	8.38
629.10	15.86	773.59	16.08	7.35	8.72
629.31	15.69	775.01	16.25	7.01	9.24
629.75	15.31	776.30	16.40	6.08	10.32
630.19	15.88	777.86	15.88	7.00	8.88
630.62	16.13	779.43	16.26	7.37	8.90
631.06	14.98	780.72	16.50	6.23	10.27
631.50	15.67	782.14	17.21	7.78	9.43
631.71	16.58	783.57	16.24	6.20	10.04
632.15	16.07	785.14	16.55	7.02	9.53
632.59	15.67	786.42	17.37	6.59	10.78
633.02	15.34	787.85	16.29	6.23	10.06
633.46	15.18	789.27	15.73	6.98	8.75
633.90	14.97	790.60	16.26	5.57	10.69
634.33	14.94	791.80	14.08	6.27	7.81
634.55	13.45	793.12	12.41	5.32	7.09
634.99	14.15	795.53	11.07	8.07	3.00
635.42	14.83	795.53	11.07	6.11	4.95
635.86	14.84	796.73	13.27	4.38	8.88
636.30	16.31	798.05	13.88	2.43	11.45
636.73	17.23	798.05	13.88	3.39	10.49
636.95	15.72	799.02	12.96	4.13	8.83
637.39	15.39	800.10	12.68	3.68	9.01
637.82	14.78	801.30	12.62	3.71	8.92
638.26	14.57	802.87	13.16	3.01	10.16
638.70	15.23	804.07	12.68	5.05	7.63
639.13	14.43	805.27	13.59	3.09	10.50
639.35	15.78	806.18	13.51	4.34	9.17
639.79	14.84	807.20	12.23	3.92	8.31
640.22	16.57	808.12	12.67	3.18	9.49
640.66	14.64	809.44	12.46	4.22	8.24
641.10	14.63	810.36	13.38	4.08	9.30
641.53	14.61	811.28	12.83	2.70	10.13
641.75	14.88	812.40	12.54	6.47	6.06
642.19	15.66	813.32	12.76	4.97	7.79
642.62	15.24	814.44	13.14	6.67	6.46
643.06	15.39	815.46	13.75	5.65	8.09
643.50	15.10	816.38	13.55	7.28	6.28
643.93	13.40	817.40	13.46	6.54	6.92
644.37	16.11	818.42	14.96	7.25	7.71
644.81	14.66	819.44	13.45	6.86	6.59
645.24	13.65	820.56	13.97	6.58	7.39
645.68	13.53	821.48	14.62	6.10	8.52
646.33	15.10	822.50	15.00	7.58	7.42
646.77	14.09	823.52	14.78	6.79	7.99
647.21	15.26	824.54	15.25	7.57	7.68
647.64	14.75	825.56	15.55	6.86	8.69
648.08	14.68	826.84	15.47	7.03	8.44
648.30	14.84	828.15	15.67	7.41	8.26
648.52	11.45	829.46	15.85	7.82	8.03
648.73	13.30	831.16	15.61	6.07	9.53
648.95	13.50	832.21	15.27	6.99	8.28
649.17	12.81	833.39	16.89	6.07	10.82
649.39	13.28	834.71	15.40	6.96	8.43
649.61	13.41	834.71	15.40	7.12	8.27
649.83	12.30	836.15	15.72	7.39	8.33
650.26	13.85	837.59	16.12	6.27	9.85
650.70	14.20	838.90	16.98	6.26	10.71
651.13	15.21	839.95	15.98	6.62	9.35
651.57	14.68	841.27	16.72	6.24	10.48
652.01	14.01	842.58	17.85	7.09	10.76
652.44	14.89	844.02	16.20	6.48	9.71
652.88	15.22	845.33	15.81	7.02	8.80
653.32	16.31	846.51	16.56	6.80	9.75
653.75	14.40	849.14	16.87	6.80	10.07
654.19	16.61	850.71	17.12	7.76	9.36
654.63	13.76	851.89	17.14	6.89	10.25
655.06	14.75	853.07	17.51	6.14	11.37
655.50	16.61	854.38	15.84	8.09	7.74
655.94	13.99	855.70	15.08	8.72	6.36
656.37	14.22	856.61	16.31	7.32	9.00
656.81	13.44	858.58	16.16	6.64	9.52
657.24	14.00	859.63	16.63	7.46	9.16
657.68	15.37	860.94	19.46	6.49	12.97
658.12	13.71	862.25	17.22	8.58	8.64
658.55	13.71	862.25	17.22	7.56	9.66
658.99	13.95	863.70	17.59	6.40	11.19
659.43	14.81	865.14	16.32	6.11	10.21
659.86	15.44	865.14	16.32	6.79	9.53
660.30	15.38	866.19	16.05	5.26	10.80
660.74	13.70	867.48	12.26	5.80	6.46
661.17	14.78	868.75	13.47	6.05	7.42
661.61	14.85	878.92	13.50	6.16	7.34
662.05	15.57	880.19	12.42	7.77	4.65
662.48	14.00	881.46	12.82	5.82	7.00
662.92	12.61	882.99	13.40	6.59	6.80
663.35	13.48	886.54	14.27	6.62	7.65
663.79	13.91	889.09	11.36	6.30	5.06
664.23	14.68	890.36	11.88	6.03	5.85
664.66	15.03	891.63	11.19	3.28	7.91
665.10	13.64	892.90	13.45	4.15	9.30
665.54	13.57	894.17	13.07	2.77	10.30
665.97	14.31	895.57	13.33	4.74	8.58
666.41	14.45	895.57	13.33	3.76	9.57
666.85	14.96	896.71	12.85	3.68	9.17
667.28	12.77	897.85	14.02	3.71	10.31
667.72	13.69	899.13	14.55	4.09	10.46
668.16	14.36	900.32	14.56	7.32	7.23
668.59	14.81	900.32	14.56	4.01	10.55
669.03	13.34	901.50	15.07	5.63	9.44
669.46	13.42	902.58	15.74	6.65	9.09
669.90	13.44	903.26	15.36	5.39	9.97
670.34	13.32	904.34	15.25	5.72	9.53
670.77	15.79	905.22	14.92	5.70	9.22
671.21	15.11	906.59	15.98	5.59	10.39
671.65	15.15	907.57	15.48	6.23	9.25
672.08	15.01	908.26	15.66	5.63	10.02
672.52	14.90	909.24	13.87	5.27	8.60
672.96	13.94	910.41	13.86	4.76	9.10
673.39	10.34	911.39	14.96	5.15	9.82
673.83	11.31	912.37	15.65	6.56	9.08
674.27	11.79	913.15	16.13	5.60	10.53
674.70	12.09	914.13	15.89	5.89	10.00
675.14	12.03	924.44	13.62	8.18	5.44
675.57	12.45	926.55	14.79	4.62	10.17
676.01	13.08	927.61	13.57	5.03	8.54
676.88	14.15	929.72	15.20	5.74	9.46
677.32	13.89	929.72	15.20	7.82	7.38
677.76	12.45	930.78	13.94	5.52	8.42
678.19	12.92	931.84	11.13	4.59	6.54
678.63	15.14	932.90	14.63	3.57	11.06
679.07	13.52	933.95	14.00	4.93	9.07
679.50	14.71	935.01	15.86	6.33	9.53
679.94	14.16	936.07	15.75	5.87	9.88
680.38	14.09	937.44	15.43	5.76	9.66
680.81	15.24	938.39	15.44	5.75	9.69
681.25	16.25	939.24	16.64	4.96	11.68
681.68	17.45	940.30	15.92	5.30	10.62
682.12	16.63	941.57	17.25	5.12	12.13
682.56	16.25	942.62	16.63	7.85	8.78
682.99	16.75	943.57	16.16	5.44	10.72
683.43	17.10	944.53	17.73	6.39	11.34
683.87	15.39	945.58	15.96	7.25	8.72
684.30	14.61	946.64	16.07	7.10	8.97
684.74	14.14	947.70	17.63	5.55	12.07
685.18	13.79	948.97	18.18	6.54	11.64
685.61	14.42	949.81	19.01	7.31	11.70
686.05	14.13	950.87	19.61	5.16	14.44
686.49	13.78	951.93	20.24	6.22	14.02
686.92	15.92	952.98	19.07	9.39	9.68
687.36	15.56	952.98	19.07	6.41	12.66
687.79	15.88	954.04	16.43	7.05	9.38
688.23	16.41	954.04	16.43	7.59	8.84
688.67	15.78	955.52	17.88	7.50	10.38
689.10	17.16	956.58	15.51	7.22	8.29
689.54	15.41	958.27	11.80	8.08	3.72
689.98	15.72	959.33	14.09	7.32	6.77
690.41	17.82	964.51	18.18	7.69	10.48
690.85	15.40	966.31	18.14	4.69	13.45
691.29	14.87	967.79	18.54	4.22	14.32
691.72	16.09	970.01	18.28	7.09	11.18
692.16	14.95	970.01	18.28	5.38	12.90
692.60	17.60	971.81	16.83	4.71	12.12
693.03	17.45	973.38	15.09	4.18	10.91
693.47	17.70	974.50	15.84	6.50	9.33
693.90	17.03	975.62	16.58	4.74	11.84
694.34	17.72	978.09	16.98	7.48	9.51
694.78	17.84	978.99	16.60	6.19	10.41
695.21	17.23	980.11	15.48	5.28	10.20
695.65	17.01	981.57	13.13	6.00	7.14
696.09	15.86	983.81	16.09	4.55	11.53
696.52	17.42	984.59	16.27	4.85	11.42
696.96	17.76	985.71	16.62	4.67	11.94
697.40	16.19	986.84	17.03	4.67	12.36
697.83	17.88	988.18	17.09	4.02	13.07
698.27	17.66	989.30	16.95	5.41	11.54
698.71	17.41	990.20	16.74	7.44	9.30
699.14	18.01	990.20	16.74	4.58	12.16
699.58	18.21	991.32	16.63	4.29	12.33
700.01	19.08	992.17	16.71	9.46	7.25
700.45	18.12	992.17	16.71	4.32	12.39
700.89	18.79	993.39	16.66	5.44	11.23
701.32	18.47	994.23	16.94	6.37	10.57
701.76	18.77	996.93	17.66	7.63	10.04
702.20	18.21	998.98	17.92	4.35	13.57
702.63	18.00	1000.09	16.90	6.06	10.84
703.07	17.28	1000.65	16.28	5.35	10.93
703.51	18.12	1001.58	15.24	4.11	11.12
703.94	18.68	1002.70	13.99	3.23	10.76
704.38	19.70	1003.82	15.69	4.41	11.28
704.82	17.60	1004.38	16.84	5.02	11.82
705.25	18.74	1005.31	17.71	3.91	13.80
705.69	17.46	1006.24	17.88	4.69	13.20
706.12	17.93	1007.54	18.13	3.55	14.58
706.56	16.33	1009.96	14.58	5.80	8.78
707.00	17.85	1013.04	16.25	4.68	11.56
707.43	18.87	1013.69	16.87	4.65	12.22
707.87	18.08	1014.72	17.04	5.56	11.47
708.31	17.88	1015.88	16.71	6.00	10.71
708.74	16.98	1018.10	14.76	5.75	9.00
709.18	17.54	1019.71	14.70	5.81	8.89
709.62	17.97	1021.20	16.51	5.92	10.58
710.05	17.87	1022.19	16.95	5.26	11.70
710.49	17.45	1023.92	17.29	5.55	11.74
710.93	16.34	1025.16	17.53	5.94	11.60
711.36	15.74	1025.91	17.68	5.32	12.36
711.80	16.22	1027.02	17.90	6.34	11.55
712.23	16.14	1028.26	18.14	7.11	11.03
712.67	13.87	1028.26	18.14	5.64	12.50
713.11	12.23	1029.50	18.38	5.36	13.02
713.53	12.51	1030.86	18.65	4.86	13.78
713.90	10.76	1032.10	18.40	7.14	11.26
714.26	11.42	1033.70	17.15	6.32	10.83
714.63	10.38	1034.24	16.73	6.06	10.67
714.99	11.76	1035.30	15.90	6.82	9.08
715.36	9.38	1036.36	16.14	5.73	10.41
715.72	10.30	1037.42	16.65	5.42	11.23
716.09	11.93	1038.49	17.16	5.32	11.84
716.45	12.15	1039.34	17.31	5.39	11.92
716.81	12.55	1040.51	17.18	5.61	11.57
717.18	13.10	1041.68	17.05	6.35	10.70
717.54	12.28	1042.74	17.08	5.46	11.62
717.91	12.39	1044.01	17.38	5.24	12.14
718.27	12.25	1044.86	17.58	4.89	12.69
718.64	13.72	1045.71	17.66	5.50	12.16
719.00	13.88	1048.16	16.85	4.34	12.51
719.37	13.67	1049.22	16.45	3.88	12.57
719.73	15.45	1049.96	16.11	2.70	13.41
720.10	15.43	1051.24	15.51	2.67	12.84
720.83	15.52	1052.41	14.97	3.34	11.63
721.19	15.45	1053.36	14.53	2.82	11.70
721.55	15.73	1054.64	13.93	3.31	10.62
721.92	15.54	1055.49	13.54	4.29	9.25
722.28	15.71	1056.55	13.71	4.14	9.57
722.65	15.80	1057.62	14.05	3.55	10.50
723.01	15.20	1058.89	15.19	4.84	10.35
723.38	17.01	1058.89	15.19	3.91	11.27
723.74	15.50	1059.74	15.09	3.95	11.14
724.11	15.52	1060.70	15.79	4.31	11.48
724.47	15.63	1061.87	16.65	5.64	11.01
724.84	15.53	1062.82	17.34	5.77	11.57
725.20	16.78	1063.89	17.93	6.29	11.63
725.56	15.99	1064.98	18.53	6.94	11.60
725.93	16.13	1066.19	19.21	5.54	13.67
726.29	16.15	1067.32	18.63	7.40	11.23
726.66	15.84	1068.45	17.76	6.71	11.05
727.02	16.69	1069.47	18.05	8.16	9.89
727.39	16.27	1070.60	18.26	6.50	11.77
727.75	16.13	1071.84	18.20	6.29	11.91
728.12	16.55	1072.97	18.14	6.93	11.22
728.48	15.96	1074.10	18.08	6.87	11.22
728.85	16.90	1075.34	18.02	5.49	12.53
729.21	16.69	1076.47	17.96	6.38	11.58
729.58	16.38	1077.71	17.90	6.79	11.11
729.94	16.76	1078.61	18.01	7.57	10.45
730.30	16.45	1079.97	18.26	6.52	11.75
730.67	17.42	1082.34	18.70	6.90	11.80
731.03	17.61	1083.35	18.69	7.49	11.21
731.76	16.93	1084.26	18.67	6.42	12.25
732.13	17.45	1085.64	18.63	7.86	10.77
732.49	17.72	1086.56	18.60	7.75	10.85
732.86	16.95	1088.17	18.39	6.03	12.36
733.22	16.86	1089.41	18.17	7.32	10.85
733.59	15.99	1090.28	18.01	6.63	11.39
733.95	16.11	1092.63	16.70	6.64	10.06
734.31	15.48	1095.61	11.90	7.56	4.34
734.68	14.78	1095.61	11.90	5.73	6.17
735.04	17.13	1096.60	10.30	6.27	4.03
735.41	16.60	1097.71	10.53	7.19	3.35
735.77	16.94	1098.95	11.92	6.67	5.25
736.14	17.95	1100.19	13.31	7.37	5.94
736.50	16.81	1101.68	14.98	6.82	8.17
736.87	17.19	1103.91	16.68	6.78	9.90
737.05	16.55	1105.15	17.57	5.05	12.52
737.23	16.67	1106.64	18.63	6.97	11.67
737.41	17.85	1107.75	18.59	7.20	11.39
737.60	17.07	1131.54	11.70	7.83	3.86
737.78	16.99	1132.69	11.56	7.32	4.25
737.96	17.62	1133.64	11.93	7.21	4.71
738.14	16.97	1134.41	12.22	10.04	2.18
738.33	16.91	1135.36	12.58	7.39	5.20
738.51	17.21	1136.32	13.22	7.88	5.34
738.69	15.14	1136.32	13.22	6.08	7.14
738.87	17.26	1137.48	14.21	7.12	7.09
739.05	16.91	1138.45	15.03	5.90	9.13
739.42	16.60	1139.33	15.78	8.76	7.02
739.78	18.12	1140.59	16.11	6.59	9.52
740.15	16.52	1141.97	15.65	7.51	8.14
740.33	17.09	1143.35	15.90	6.77	9.13
740.51	17.67	1144.80	16.59	6.58	10.01
740.88	16.92	1145.74	17.04	7.60	9.44
741.42	15.44	1147.00	17.65	7.34	10.30
741.61	16.57	1148.26	18.25	6.80	11.44
741.79	13.57	1149.64	18.91	8.25	10.66
741.97	15.88	1151.02	19.17	7.23	11.94
742.34	14.35	1152.03	19.25	6.96	12.29
742.70	14.46	1153.29	19.34	7.26	12.09
742.88	14.81	1154.55	19.44	7.47	11.97
743.06	14.35	1155.80	19.45	6.69	12.76
743.25	15.04	1157.31	19.38	8.07	11.31
743.43	12.68	1158.32	19.34	7.32	12.02
743.79	13.88	1159.58	19.28	6.91	12.37
744.16	13.61	1162.22	19.23	7.51	11.72
744.34	13.83	1163.48	19.22	7.47	11.75
744.52	14.42	1164.61	19.21	8.16	11.05
744.71	14.67	1167.12	19.40	7.69	11.71
744.89	14.91	1168.88	19.57	7.39	12.19
745.25	14.37	1170.02	19.69	8.31	11.38
745.62	13.85	1172.15	19.68	8.50	11.17
745.98	12.99	1173.41	19.66	7.75	11.91
746.35	12.44	1174.54	19.65	7.71	11.94
746.71	13.27	1175.67	19.54	6.88	12.66
747.26	13.66	1177.18	19.25	8.26	10.98
747.63	14.04	1178.44	19.00	7.09	11.92
747.99	14.14	1179.70	18.76	8.34	10.41
748.36	14.70	1181.33	18.50	7.00	11.49
748.72	14.83	1182.72	18.30	7.93	10.37
749.09	14.93	1183.47	18.19	7.15	11.04
749.45	15.55	1184.73	18.01	6.95	11.07
749.82	14.91	1185.99	17.80	6.97	10.83
750.18	15.41	1187.49	17.52	5.94	11.58
750.73	15.26	1189.76	17.10	6.90	10.20
751.09	15.96	1190.67	16.90	6.08	10.81
751.46	15.82	1191.79	16.62	5.06	11.56
751.82	14.37	1193.11	16.30	4.81	11.48
752.19	14.83	1194.13	16.05	4.75	11.30
752.55	14.26	1194.13	16.05	5.79	10.25
752.92	15.17	1194.84	16.09	5.34	10.74
753.28	14.38	1195.75	16.19	5.12	11.07
753.65	14.98	1197.18	16.35	5.72	10.62
754.01	14.62	1197.99	16.44	3.23	13.21
754.38	16.09	1199.31	16.44	4.53	11.92
754.56	17.17	1199.92	16.43	5.03	11.39
754.93	14.40	1200.94	16.40	3.97	12.42
755.11	14.93	1201.96	16.37	4.03	12.34
755.47	14.80	1203.38	16.47	7.06	9.41
755.84	14.86				
756.02	14.80				
756.38	15.03				
756.75	15.76				
756.93	14.88				
757.30	15.57				
757.48	14.97				
757.84	16.17				
758.21	16.47				
758.47	15.93				
759.04	16.04				
759.90	16.26				
760.75	16.06				
761.61	15.30				
762.46	16.39				
763.32	18.16				
763.89	16.59				
764.75	17.76				
766.46	16.45				
767.31	16.11				
768.17	15.21				
769.02	15.64				
769.88	14.89				
770.45	14.45				
771.30	13.59				
771.88	15.01				
772.45	15.98				
773.02	16.00				
773.59	16.96				
774.16	16.15				
774.73	16.64				
775.30	15.85				
776.15	16.30				
776.72	16.68				
777.29	16.39				
777.86	15.88				
778.43	14.61				
779.00	16.24				
779.58	16.27				
780.15	15.84				
781.00	16.83				
781.57	16.57				
782.14	17.21				
782.71	15.92				
783.28	16.16				
783.85	16.32				
784.42	16.86				
784.99	16.61				
785.85	16.26				
786.42	17.37				
786.99	16.67				
788.13	16.16				
788.70	16.24				
789.27	16.49				
789.84	15.22				
790.60	16.26				
791.08	13.76				
791.56	13.46				
792.04	14.70				
792.52	13.63				
793.00	12.02				
793.48	13.59				
793.97	13.69				
794.69	10.26				
795.17	10.69				
795.65	11.19				
796.13	10.28				
796.61	13.28				
797.09	13.23				
797.57	11.80				
798.05	13.88				
798.54	13.79				
799.02	12.96				
799.50	13.44				
799.98	12.60				
800.46	12.93				
800.94	11.29				
801.18	12.77				
801.66	12.18				
802.14	13.00				
802.62	12.92				
803.11	13.41				
803.59	12.19				
804.07	12.68				
804.55	13.34				
805.03	13.48				
805.51	13.70				
805.98	13.22				
806.38	13.79				
806.79	12.63				
807.20	12.23				
807.61	11.94				
808.02	12.64				
808.42	12.77				
808.83	12.17				
809.24	12.19				
809.65	12.73				
810.06	13.55				
810.46	13.32				
810.87	12.90				
811.28	12.83				
811.69	12.74				
812.10	12.41				
812.51	12.58				
812.91	12.94				
813.32	12.76				
813.73	13.40				
814.14	12.40				
814.55	13.38				
814.95	13.15				
815.36	13.61				
815.77	14.15				
816.18	13.55				
816.59	13.56				
816.99	13.51				
817.40	13.46				
817.81	13.86				
818.22	14.17				
818.63	15.75				
819.03	13.79				
819.44	13.45				
819.85	13.49				
820.26	13.06				
820.67	14.28				
821.07	14.65				
821.48	14.62				
821.89	14.81				
822.30	14.93				
822.71	15.07				
823.11	14.94				
823.52	14.78				
823.93	15.31				
824.34	15.53				
824.75	14.97				
825.15	15.39				
825.56	15.55				
826.05	15.46				
826.57	15.26				
827.10	15.67				
827.62	15.85				
828.15	15.67				
828.67	15.70				
829.20	15.74				
829.72	15.96				
830.25	15.77				
830.77	14.70				
831.30	15.91				
831.82	16.21				
832.34	14.95				
832.87	14.35				
833.39	16.89				
833.92	13.76				
834.44	16.29				
834.97	14.50				
835.49	15.18				
836.02	15.74				
836.54	15.67				
837.07	15.14				
837.59	16.12				
838.12	15.80				
838.64	17.93				
839.17	16.02				
839.69	15.37				
840.22	16.58				
840.74	17.13				
841.27	16.72				
841.79	16.55				
842.58	17.85				
843.10	17.21				
843.63	16.10				
844.15	16.23				
844.68	15.86				
845.20	15.45				
845.73	16.91				
846.25	17.12				
846.78	15.99				
847.30	16.32				
847.82	17.48				
848.35	17.28				
849.40	16.73				
849.92	16.75				
850.45	17.13				
851.50	17.09				
852.02	17.16				
852.55	17.55				
853.07	17.51				
853.60	15.31				
854.12	16.18				
855.17	14.81				
855.70	15.08				
856.22	16.15				
856.75	16.37				
857.27	15.75				
857.79	17.26				
858.32	16.47				
858.84	15.86				
859.37	16.64				
859.89	16.61				
860.42	17.50				
860.94	19.46				
861.47	17.06				
861.99	17.77				
862.52	16.67				
863.04	18.16				
863.83	17.48				
864.35	16.44				
864.88	16.27				
865.40	16.37				
865.93	15.43				
866.45	16.68				
866.97	14.97				
867.48	12.26				
867.99	14.52				
868.50	15.38				
869.01	11.55				
869.51	11.51				
870.02	10.96				
870.53	11.48				
871.04	13.42				
871.55	12.90				
873.07	14.26				
873.84	12.85				
874.34	13.56				
875.36	13.44				
875.87	12.08				
876.38	11.93				
876.89	12.65				
877.90	13.38				
878.41	12.61				
878.92	13.50				
879.43	12.94				
880.19	13.44				
880.70	12.07				
881.21	12.80				
881.71	12.84				
882.73	13.01				
883.24	13.78				
884.26	14.63				
885.27	13.20				
885.53	15.11				
886.04	13.70				
886.54	14.27				
887.56	10.90				
888.07	12.82				
888.58	10.89				
889.09	11.36				
890.10	10.42				
890.61	13.34				
891.12	12.64				
891.63	11.19				
892.39	13.16				
892.90	13.45				
893.41	11.74				
893.91	12.91				
894.93	13.54				
895.44	13.47				
895.95	12.89				
896.46	12.57				
897.47	13.70				
897.73	14.10				
898.24	13.76				
898.74	14.18				
899.76	15.17				
900.23	14.67				
900.62	14.20				
901.01	14.82				
901.79	15.22				
902.18	15.48				
902.58	15.74				
902.77	15.50				
903.56	15.27				
903.95	15.61				
904.34	15.25				
904.73	15.38				
905.51	14.64				
905.91	16.05				
906.30	16.74				
906.69	15.72				
907.28	15.33				
907.67	15.53				
908.06	15.99				
908.45	15.32				
909.24	13.87				
909.63	13.48				
910.02	13.93				
910.41	13.86				
911.19	14.72				
911.59	15.21				
911.98	14.96				
912.17	15.45				
912.96	16.24				
913.35	16.01				
913.74	15.42				
914.13	15.89				
914.92	15.61				
915.31	15.91				
915.70	16.44				
916.09	16.42				
916.87	16.85				
917.27	15.26				
917.67	13.83				
918.09	13.59				
918.94	13.01				
919.36	12.89				
919.79	12.84				
920.21	13.12				
921.05	12.50				
921.48	12.69				
921.90	12.76				
922.32	12.88				
923.17	12.37				
923.59	12.76				
924.01	13.65				
924.44	13.62				
925.49	13.83				
925.92	14.44				
926.34	14.54				
926.76	15.04				
927.61	13.57				
928.03	14.36				
928.46	13.77				
928.88	13.82				
929.72	15.20				
930.15	14.59				
930.57	14.59				
930.99	13.29				
931.84	11.13				
932.26	14.02				
932.68	14.35				
933.11	14.92				
933.95	14.00				
934.38	15.72				
935.01	15.86				
935.43	17.40				
936.28	15.20				
936.70	15.49				
937.13	16.08				
937.55	15.21				
938.39	15.44				
938.82	15.54				
939.24	16.64				
939.66	14.11				
940.51	16.52				
940.93	14.80				
941.35	17.16				
941.78	17.35				
942.62	16.63				
943.05	16.91				
943.47	15.95				
944.10	17.20				
944.95	18.27				
945.37	15.24				
945.79	16.69				
946.22	15.66				
947.06	16.48				
947.49	17.48				
947.91	17.77				
949.18	18.26				
949.60	18.26				
950.02	19.77				
950.45	19.00				
950.66	20.01				
951.08	19.20				
951.29	19.70				
951.50	19.22				
951.72	17.64				
951.93	20.24				
952.14	20.27				
952.35	18.12				
952.77	19.69				
953.20	18.45				
953.62	18.38				
954.04	16.43				
954.46	19.92				
955.31	19.91				
955.73	15.85				
956.16	16.09				
956.58	15.51				
957.43	13.01				
957.85	13.84				
958.27	11.80				
959.54	14.55				
960.39	15.63				
962.50	17.52				
964.61	18.21				
966.73	18.12				
968.89	18.98				
971.14	17.57				
973.38	15.09				
975.62	16.58				
977.86	17.08				
979.66	16.31				
981.45	12.98				
983.70	16.06				
985.04	16.37				
987.28	17.19				
989.08	17.00				
990.87	16.58				
992.46	16.74				
993.58	16.65				
995.44	17.48				
999.16	17.94				
1002.89	13.78				
1004.75	17.60				
1008.47	18.31				
1010.34	13.65				
1014.06	17.23				
1016.49	16.53				
1018.97	13.80				
1021.45	16.81				
1031.61	18.79				
1035.51	15.73				
1038.91	17.36				
1042.31	16.98				
1045.50	17.73				
1048.90	16.60				
1055.70	13.44				
1058.89	14.46				
1062.72	17.28				
1066.42	19.33				
1068.45	17.76				
1070.26	18.28				
1077.93	17.89				
1082.45	18.72				
1087.05	18.59				
1092.01	17.70				
1096.97	9.70				
1101.93	15.26				
1106.88	18.81				
1111.84	17.58				
1116.63	16.83				
1120.45	16.07				
1124.27	14.07				
1128.10	15.54				
1131.92	11.27				
1135.74	12.73				
1139.96	16.32				
1142.47	15.48				
1150.02	19.09				
1155.05	19.48				
1160.08	19.26				
1165.11	19.20				
1170.14	19.70				
1175.17	19.64				
1180.20	18.66				
1185.23	17.94				
1190.16	17.02				
1194.23	16.02				
1198.30	16.47				
1202.36	16.36				
1206.43	16.81				
